0 1 5
0 3 5
0 4 9
0 5 9
0 7 6
0 9 2
0 16 9
0 17 4
0 20 1
0 23 5
0 26 6
0 27 7
0 28 4
0 29 3
0 31 2
0 33 6
0 34 4
0 38 5
0 39 4
0 40 4
0 41 8
0 42 4
0 44 7
0 48 4
0 49 2
1 2 9
1 3 7
1 5 9
1 6 6
1 7 4
1 9 2
1 11 8
1 12 5
1 13 3
1 14 5
1 15 7
1 16 8
1 17 7
1 19 8
1 22 3
1 26 6
1 29 2
1 32 1
1 33 1
1 35 3
1 36 5
1 37 7
1 38 5
1 39 3
1 42 6
1 48 1
1 49 3
2 4 1
2 5 2
2 7 5
2 8 4
2 9 1
2 11 2
2 13 1
2 15 1
2 16 9
2 18 3
2 19 1
2 24 5
2 26 2
2 27 2
2 28 4
2 30 9
2 33 5
2 34 3
2 36 2
2 38 1
2 39 2
2 43 9
3 4 1
3 5 2
3 7 3
3 10 7
3 11 5
3 12 2
3 13 4
3 15 3
3 17 7
3 19 6
3 20 7
3 22 5
3 23 8
3 24 6
3 25 4
3 27 6
3 29 9
3 30 6
3 37 9
3 40 6
3 44 5
3 48 6
3 49 8
4 5 6
4 9 6
4 11 7
4 12 6
4 14 9
4 15 5
4 17 8
4 18 2
4 19 2
4 23 3
4 26 5
4 27 3
4 31 2
4 36 4
4 38 7
4 40 9
4 41 6
4 45 2
4 49 2
5 11 8
5 12 6
5 14 4
5 15 1
5 16 7
5 19 4
5 20 4
5 21 5
5 23 8
5 24 7
5 28 4
5 30 1
5 31 8
5 32 1
5 34 1
5 36 5
5 37 9
5 39 5
5 41 6
5 43 2
5 44 6
5 45 9
5 47 5
6 7 2
6 8 1
6 17 3
6 18 1
6 20 2
6 21 7
6 22 3
6 23 9
6 28 9
6 29 7
6 33 2
6 36 8
6 37 2
6 38 6
6 41 9
6 43 2
6 44 9
6 45 4
6 46 4
6 47 3
6 48 4
6 49 3
7 8 5
7 9 3
7 10 1
7 11 6
7 13 2
7 14 8
7 17 4
7 25 8
7 26 3
7 27 8
7 28 8
7 30 5
7 32 5
7 35 3
7 36 2
7 38 6
7 40 9
7 44 9
7 48 6
7 49 1
8 9 5
8 13 7
8 14 6
8 15 8
8 17 1
8 18 7
8 25 3
8 27 7
8 29 9
8 30 4
8 31 3
8 34 6
8 37 1
8 39 5
8 40 8
8 41 1
8 43 7
8 44 8
8 45 7
8 46 2
8 47 2
8 48 8
8 49 5
9 16 3
9 18 2
9 21 7
9 22 5
9 25 8
9 28 8
9 29 7
9 31 7
9 33 2
9 34 5
9 35 5
9 36 1
9 39 5
9 42 1
9 43 3
9 44 2
9 46 9
9 47 4
9 49 5
10 14 8
10 17 1
10 20 9
10 21 1
10 22 2
10 23 7
10 25 3
10 27 8
10 28 1
10 29 5
10 30 9
10 31 9
10 35 7
10 36 1
10 37 6
10 38 9
10 39 2
10 40 2
10 43 4
11 12 6
11 14 8
11 15 1
11 16 2
11 18 5
11 23 5
11 26 5
11 27 1
11 28 8
11 29 6
11 31 5
11 32 1
11 33 8
11 34 5
11 37 6
11 42 4
11 44 8
11 48 2
12 13 9
12 15 8
12 21 1
12 22 9
12 32 4
12 35 3
12 36 5
12 38 5
12 39 1
12 40 8
12 41 2
12 42 2
12 43 3
12 44 7
12 46 3
12 47 5
13 14 9
13 15 7
13 16 3
13 17 7
13 23 1
13 25 4
13 27 5
13 32 5
13 33 9
13 34 9
13 36 5
13 37 3
13 39 3
13 40 3
13 41 7
13 42 7
13 43 4
13 45 4
13 47 1
13 48 1
14 20 3
14 21 1
14 28 6
14 29 5
14 30 6
14 31 3
14 34 3
14 35 7
14 36 3
14 38 1
14 39 6
14 40 4
14 43 6
14 44 6
14 46 1
14 49 8
15 17 9
15 19 3
15 20 6
15 23 1
15 24 8
15 28 2
15 29 1
15 32 2
15 34 3
15 35 1
15 36 7
15 38 3
15 41 3
15 42 1
15 43 1
15 44 3
15 45 7
15 47 1
15 49 5
16 17 3
16 18 5
16 19 7
16 20 4
16 21 3
16 23 1
16 24 2
16 26 2
16 29 5
16 30 6
16 31 9
16 32 2
16 33 9
16 34 4
16 37 7
16 43 6
16 45 6
16 47 3
16 48 7
16 49 3
17 18 2
17 19 7
17 22 7
17 25 4
17 27 2
17 29 9
17 30 1
17 31 8
17 32 3
17 33 2
17 34 4
17 35 3
17 37 7
17 42 7
17 43 2
17 44 7
17 48 4
17 49 5
18 19 1
18 21 3
18 22 3
18 25 9
18 27 9
18 29 1
18 32 7
18 35 5
18 36 8
18 37 8
18 38 6
18 40 7
18 42 2
18 45 3
18 46 5
18 47 2
18 48 4
18 49 4
19 20 6
19 24 2
19 25 3
19 31 2
19 32 1
19 33 8
19 37 4
19 39 4
19 44 1
19 46 3
20 23 6
20 26 4
20 27 6
20 28 6
20 29 7
20 30 2
20 31 8
20 34 7
20 38 9
20 40 3
20 42 5
20 44 3
20 49 8
21 23 1
21 26 9
21 29 3
21 30 4
21 31 5
21 32 2
21 34 8
21 36 4
21 38 7
21 39 5
21 41 2
21 42 7
21 44 7
21 45 7
21 46 7
21 48 8
21 49 9
22 25 7
22 30 2
22 31 5
22 35 2
22 36 5
22 38 3
22 39 1
22 45 6
22 47 7
22 48 1
23 25 1
23 29 2
23 30 2
23 34 5
23 38 9
23 39 1
23 41 9
23 42 2
23 43 1
23 47 5
23 48 8
23 49 1
24 25 5
24 29 2
24 30 5
24 32 7
24 34 3
24 36 5
24 39 4
24 43 6
24 44 9
24 45 8
24 46 5
24 48 7
24 49 2
25 29 4
25 32 3
25 34 3
25 36 2
25 38 4
25 41 1
25 43 5
25 44 9
25 45 1
25 46 4
25 47 3
25 48 9
25 49 4
26 28 4
26 29 1
26 30 9
26 31 7
26 33 2
26 34 7
26 35 9
26 36 4
26 38 6
26 39 9
26 41 6
26 44 5
26 46 2
26 47 3
26 49 7
27 29 2
27 30 3
27 34 9
27 37 4
27 45 4
27 46 4
27 48 6
27 49 4
28 29 3
28 31 6
28 32 3
28 38 1
28 39 5
28 41 4
28 44 3
28 47 6
28 49 5
29 31 7
29 34 9
29 35 3
29 36 1
29 39 1
29 41 6
29 42 4
29 43 8
29 45 8
29 46 2
29 47 6
29 48 8
30 32 8
30 33 1
30 35 8
30 38 4
30 42 8
30 43 3
30 44 4
30 45 1
30 47 4
31 33 1
31 34 5
31 36 7
31 38 7
31 39 5
31 40 3
31 42 3
31 45 7
31 46 6
31 76 1
32 33 8
32 38 5
32 39 6
32 40 8
32 43 8
32 45 6
32 49 5
33 36 9
33 37 1
33 38 4
33 39 9
33 40 1
33 42 4
33 45 1
33 46 5
33 47 7
33 48 2
34 37 5
34 40 9
34 46 6
34 47 8
34 48 7
35 36 2
35 38 7
35 39 9
35 40 7
35 43 4
35 44 5
35 47 1
35 48 4
36 37 4
36 38 3
36 40 7
36 41 9
36 42 6
36 46 4
37 40 6
37 43 4
37 44 8
37 45 6
37 46 2
37 48 7
37 49 3
38 39 8
38 40 9
38 41 1
38 47 6
39 40 3
39 41 3
39 44 8
39 47 5
39 49 7
40 42 4
40 44 1
40 46 3
41 42 5
41 44 5
41 45 8
41 46 1
41 48 5
41 49 6
42 46 9
42 49 8
43 47 5
43 48 6
44 45 1
44 47 5
44 48 3
45 47 2
45 48 8
46 47 2
46 48 2
46 49 3
47 49 4
48 49 3
50 52 3
50 55 3
50 58 7
50 60 1
50 61 3
50 63 8
50 64 8
50 65 5
50 66 8
50 68 9
50 69 4
50 70 5
50 71 2
50 73 7
50 74 6
50 76 1
50 77 4
50 78 5
50 79 6
50 80 7
50 83 4
50 85 9
50 87 6
50 91 7
50 92 2
50 93 6
50 94 9
50 98 1
50 99 6
52 53 9
52 54 8
52 56 8
52 58 5
52 59 9
52 60 7
52 64 1
52 75 6
52 77 4
52 78 1
52 79 7
52 80 3
52 82 9
52 83 3
52 85 9
52 88 6
52 90 8
52 94 9
52 99 7
55 51 4
55 53 5
55 54 9
55 56 5
55 57 5
55 58 2
55 60 9
55 61 6
55 62 7
55 65 6
55 69 4
55 70 3
55 73 4
55 74 8
55 75 7
55 78 6
55 80 6
55 81 2
55 82 5
55 84 1
55 85 1
55 86 6
55 87 8
55 88 1
55 89 8
55 93 5
55 94 1
55 97 8
55 98 3
55 99 6
58 53 6
58 54 9
58 56 9
58 59 8
58 61 8
58 62 5
58 64 2
58 67 2
58 68 5
58 70 5
58 73 8
58 77 8
58 80 3
58 81 5
58 89 3
58 94 6
58 95 3
58 96 6
58 98 5
58 99 3
60 53 7
60 62 2
60 64 7
60 65 5
60 66 2
60 67 9
60 68 7
60 72 5
60 73 9
60 77 7
60 78 3
60 80 8
60 84 8
60 86 8
60 90 5
60 93 6
60 94 1
60 95 2
60 96 4
60 99 9
61 51 1
61 53 8
61 59 9
61 64 1
61 65 6
61 66 1
61 67 7
61 69 5
61 70 7
61 74 7
61 76 8
61 77 4
61 80 1
61 81 2
61 82 1
61 85 1
61 86 8
61 87 7
61 91 8
61 94 8
61 95 1
61 97 3
61 98 5
61 99 8
63 51 1
63 53 7
63 57 4
63 59 6
63 62 3
63 67 9
63 69 1
63 70 6
63 71 7
63 72 8
63 73 5
63 74 2
63 75 3
63 77 7
63 78 9
63 79 1
63 80 6
63 83 5
63 85 6
63 86 5
63 89 3
63 91 2
63 92 1
63 95 5
63 97 4
64 56 3
64 59 5
64 62 4
64 67 2
64 68 9
64 73 4
64 75 4
64 76 7
64 80 2
64 81 4
64 82 4
64 83 5
64 85 6
64 86 9
64 90 3
64 92 6
64 97 6
64 99 5
65 51 8
65 53 3
65 57 8
65 62 4
65 68 8
65 71 2
65 74 4
65 75 4
65 76 6
65 84 1
65 85 4
65 86 7
65 89 8
65 90 4
65 91 2
65 93 3
65 95 6
65 97 9
65 99 3
66 54 1
66 57 9
66 62 5
66 70 5
66 72 2
66 73 1
66 74 9
66 77 7
66 81 7
66 86 8
66 87 6
66 89 1
66 92 4
68 51 4
68 53 7
68 57 4
68 62 8
68 67 8
68 73 9
68 75 6
68 78 4
68 79 7
68 81 1
68 85 8
68 87 8
68 90 2
68 92 3
68 93 2
68 95 1
68 97 6
68 98 5
69 53 2
69 57 7
69 67 1
69 70 1
69 71 7
69 73 8
69 75 9
69 77 1
69 78 6
69 81 5
69 84 4
69 85 4
69 87 1
69 90 8
69 92 5
69 93 4
69 95 1
69 99 2
70 51 6
70 56 8
70 57 5
70 71 1
70 74 5
70 76 2
70 80 8
70 81 3
70 83 3
70 88 7
70 95 1
70 97 5
70 99 2
71 53 3
71 56 7
71 57 2
71 77 4
71 78 2
71 79 3
71 81 7
71 82 3
71 83 1
71 84 7
71 85 1
71 86 1
71 87 1
71 90 2
71 92 2
71 94 2
71 95 1
71 96 2
71 97 6
71 99 6
73 53 3
73 54 9
73 59 2
73 74 7
73 76 9
73 78 5
73 82 8
73 83 5
73 85 8
73 87 2
73 89 2
73 90 9
73 91 4
73 92 7
73 95 7
73 96 6
73 98 9
73 99 4
74 51 9
74 54 5
74 62 5
74 67 8
74 75 7
74 78 5
74 82 8
74 83 6
74 85 6
74 86 5
74 87 5
74 97 3
76 51 1
76 57 5
76 59 7
76 67 4
76 77 1
76 79 2
76 80 3
76 82 4
76 83 3
76 85 8
76 86 2
76 87 1
76 92 4
76 93 9
76 99 6
77 51 4
77 54 5
77 56 6
77 57 3
77 72 8
77 81 5
77 83 5
77 86 5
77 92 7
77 93 7
77 94 4
77 95 7
77 96 4
77 97 2
77 99 1
78 53 9
78 56 8
78 57 5
78 59 9
78 62 2
78 72 2
78 75 8
78 82 1
78 86 3
78 87 4
78 89 3
78 90 1
78 94 2
79 51 2
79 53 8
79 54 1
79 57 2
79 59 9
79 62 6
79 67 8
79 72 9
79 75 2
79 80 1
79 82 5
79 83 4
79 88 9
79 89 4
79 90 4
79 95 4
79 97 9
79 99 2
80 53 6
80 54 7
80 62 1
80 72 5
80 75 2
80 81 5
80 86 5
80 91 7
80 92 2
80 93 9
80 94 4
80 96 5
80 97 4
80 99 5
83 51 2
83 53 8
83 56 2
83 57 3
83 62 6
83 67 7
83 75 2
83 82 6
83 85 1
83 91 5
83 93 1
83 96 1
85 51 8
85 53 2
85 72 6
85 82 6
85 87 5
85 88 2
85 89 4
85 92 4
85 94 5
85 96 1
85 98 3
85 99 1
87 67 9
87 72 6
87 86 6
87 89 5
87 90 8
87 91 4
87 92 6
87 93 1
87 95 6
87 96 7
87 98 2
91 53 1
91 54 2
91 56 5
91 59 6
91 62 6
91 72 1
91 81 9
91 84 7
91 86 5
91 89 8
91 92 7
91 95 1
91 98 1
92 53 8
92 54 3
92 57 3
92 72 4
92 88 1
92 90 5
92 96 2
92 98 5
93 56 2
93 57 9
93 59 6
93 67 1
93 82 9
93 90 7
93 95 1
93 97 2
93 99 6
94 53 7
94 54 2
94 56 4
94 57 1
94 62 2
94 67 1
94 72 5
94 81 3
94 84 8
94 88 5
94 89 5
94 96 4
94 97 1
98 51 8
98 53 9
98 59 6
98 67 8
98 82 6
98 88 2
98 97 4
99 53 3
99 54 3
99 56 2
99 59 5
99 62 7
99 67 5
99 72 1
99 82 8
99 86 1
99 89 8
99 97 9
51 53 1
51 56 7
51 57 8
51 59 4
51 75 4
51 81 5
51 82 4
51 88 6
51 89 5
51 90 7
51 95 3
51 96 8
51 97 7
53 56 3
53 62 7
53 67 4
53 72 7
53 86 1
53 89 2
53 96 7
53 97 2
56 54 2
56 82 9
56 86 8
56 89 5
56 95 2
57 54 9
57 67 4
57 72 5
57 84 2
57 88 7
57 90 9
57 96 5
59 62 4
59 67 8
59 72 5
59 75 6
59 81 6
59 82 4
59 84 1
59 89 8
59 90 6
59 97 6
75 54 0
75 67 7
75 72 8
75 81 1
75 86 8
75 88 4
75 89 2
75 90 6
75 95 1
81 54 6
81 62 7
81 72 2
81 84 3
81 86 9
81 89 8
82 54 4
82 67 9
82 86 8
82 90 9
82 95 2
88 54 1
88 62 4
88 84 8
88 86 3
88 89 7
88 90 5
88 95 3
88 96 4
88 97 7
89 54 6
89 62 6
89 67 7
89 72 6
89 84 4
89 90 1
89 95 9
89 96 9
89 97 5
90 54 8
90 67 7
90 86 9
90 95 4
90 96 3
95 84 7
95 86 7
95 97 7
96 62 7
96 67 4
96 84 6
96 86 6
97 54 7
97 62 3
97 84 1
97 86 6
54 62 5
54 84 9
54 86 8
62 72 5
