0 2 2
0 3 3
0 4 4
0 6 4
0 7 6
0 10 6
0 11 1
0 17 5
0 20 2
0 23 8
0 24 6
1 4 4
1 5 8
1 6 1
1 9 2
1 11 5
1 12 4
1 14 1
1 15 5
1 16 8
1 20 8
1 22 1
1 23 6
2 3 0
2 4 5
2 8 9
2 14 5
2 20 7
2 21 1
2 22 9
2 23 9
2 24 6
3 5 8
3 7 2
3 8 1
3 9 1
3 10 1
3 12 3
3 13 3
3 14 2
3 15 5
3 22 6
4 5 8
4 6 5
4 9 3
4 10 3
4 12 6
4 13 9
4 14 3
4 18 8
4 22 8
4 23 9
4 24 6
5 6 8
5 12 8
5 15 5
5 17 6
5 18 4
5 21 2
5 22 1
5 23 4
6 7 2
6 8 8
6 10 9
6 11 2
6 13 4
6 14 2
6 15 4
6 17 1
6 19 3
6 20 9
6 22 5
6 24 1
7 10 6
7 11 3
7 13 6
7 15 9
7 18 1
7 20 8
7 21 9
7 22 7
7 23 4
7 24 4
8 10 7
8 11 1
8 12 7
8 20 3
8 23 4
9 13 4
9 14 1
9 15 3
9 22 2
9 24 7
10 11 2
10 16 8
10 18 4
10 19 3
10 22 3
10 24 9
11 12 1
11 13 2
11 14 2
11 16 7
11 17 3
11 18 3
11 19 9
11 21 1
12 15 6
12 17 8
12 19 5
12 21 4
12 22 7
12 23 8
13 15 6
13 17 7
13 19 8
13 21 4
13 23 3
13 24 2
14 15 1
14 16 7
14 22 7
14 24 8
15 16 8
15 17 4
15 18 5
15 19 4
15 21 5
15 24 9
16 17 6
16 19 3
16 20 7
16 21 3
16 22 3
16 23 6
17 20 3
17 21 9
17 22 8
17 23 3
18 19 5
18 20 8
18 22 5
19 23 5
19 42 1
20 23 5
20 24 7
21 22 1
21 23 6
21 24 5
23 24 5
25 29 4
25 30 4
25 32 5
25 35 9
25 36 5
25 37 9
25 38 1
25 41 3
25 42 2
25 46 7
25 47 6
25 49 2
29 31 1
29 32 8
29 34 9
29 35 5
29 36 1
29 37 4
29 41 6
29 42 1
29 44 9
29 45 3
29 46 9
29 47 1
30 26 9
30 28 9
30 31 6
30 38 3
30 39 3
30 40 3
30 42 6
30 43 2
30 45 4
30 48 6
30 49 7
32 26 9
32 28 6
32 31 7
32 33 8
32 34 7
32 43 5
32 44 6
32 45 1
35 27 4
35 36 2
35 37 8
35 38 9
35 40 3
35 41 1
35 42 6
35 45 2
35 48 7
36 27 6
36 31 5
36 34 1
36 37 9
36 39 9
36 43 8
36 45 6
36 46 7
36 49 3
37 26 3
37 27 2
37 40 6
37 41 8
37 43 4
37 45 2
37 47 8
37 48 9
37 49 6
38 28 9
38 34 8
38 43 8
38 44 3
38 45 4
38 46 4
38 47 8
41 31 6
41 34 9
41 40 5
41 42 4
41 43 8
42 28 3
42 31 3
42 33 2
42 34 9
42 39 1
42 40 8
42 43 5
42 44 3
42 46 8
42 47 3
42 48 9
46 33 8
46 43 8
46 44 3
46 45 3
46 47 3
47 33 5
47 34 9
47 39 5
47 40 4
47 44 8
47 49 4
49 26 3
49 27 9
49 28 3
49 34 8
49 39 7
49 40 6
49 48 2
26 28 3
26 34 7
26 39 3
26 43 5
26 44 9
26 45 6
26 48 6
28 27 7
28 31 2
28 34 8
28 39 5
28 40 6
28 43 8
28 48 6
34 27 6
34 39 6
34 43 5
34 45 3
34 48 2
39 31 2
39 44 5
39 45 2
39 48 5
43 31 1
43 40 7
43 45 2
44 27 8
44 40 1
44 45 8
44 48 9
45 27 4
45 40 6
48 31 5
48 40 4
27 33 9
31 40 1
