0 27 4
0 29 7
0 35 7
27 24 8
27 1 1
31 40 3
31 23 8
31 18 9
40 42 9
40 20 6
23 45 2
23 13 8
10 17 7
10 22 1
10 32 6
17 16 6
17 12 9
4 8 3
4 33 4
4 43 7
8 2 1
8 5 2
1 26 3
1 9 3
26 28 3
26 37 1
2 19 3
2 25 9
5 44 9
5 42 4
44 20 8
44 43 3
28 49 3
28 47 7
36 46 3
36 48 1
36 6 8
46 19 7
46 38 4
48 39 7
48 35 6
42 47 7
47 38 2
29 35 7
29 18 3
13 41 9
13 38 7
41 21 7
41 6 6
45 3 4
45 14 2
33 30 9
33 25 6
16 9 7
16 15 2
6 15 3
30 11 6
30 7 8
7 20 6
7 49 6
19 43 5
3 9 3
3 12 2
11 34 2
11 22 6
34 22 3
34 37 8
24 12 6
24 15 1
21 37 0
21 25 1
39 49 7
39 14 3
18 32 9
14 32 4
