6 82 4
6 46 9
6 68 3
82 14 4
82 81 3
4 41 8
4 80 4
4 61 3
41 16 4
41 12 4
8 97 4
8 65 8
8 75 6
97 43 2
97 19 9
29 44 8
29 92 9
29 56 4
44 1 8
44 33 7
12 31 4
12 60 5
31 71 1
31 79 9
21 75 4
21 34 9
21 18 3
75 60 5
33 65 4
33 99 6
65 73 3
14 93 4
14 13 2
93 42 4
93 63 9
32 64 5
32 5 3
32 89 8
64 47 1
64 60 7
40 66 8
40 54 9
40 58 7
66 15 9
66 92 1
71 1 7
71 9 2
53 59 5
53 62 9
53 50 8
59 91 7
59 55 4
34 86 2
34 25 0
26 98 8
26 54 9
26 86 9
98 70 7
98 48 3
48 83 7
48 38 8
83 37 4
83 43 5
23 25 7
23 22 3
23 49 1
25 24 9
92 91 6
0 58 2
0 24 4
0 56 3
58 87 3
50 89 1
50 49 9
89 73 5
54 11 6
38 96 9
38 15 5
96 88 1
96 2 5
62 76 4
62 2 9
73 78 4
56 51 4
20 72 9
20 77 4
20 1 2
72 51 2
72 67 8
3 61 9
3 22 7
3 84 5
61 74 2
42 84 1
42 90 3
16 85 9
16 45 4
87 37 3
87 13 5
90 95 9
90 24 8
95 46 2
95 45 9
43 45 3
86 28 6
5 27 5
5 52 4
27 47 4
27 10 5
77 67 6
77 70 2
99 46 3
99 36 4
22 17 6
63 69 8
63 35 2
69 19 1
69 2 9
47 18 3
10 57 6
10 74 8
57 67 7
57 52 2
17 68 7
17 88 5
68 94 8
30 85 3
30 35 6
30 19 1
85 36 2
91 74 2
49 36 6
37 84 2
7 80 8
7 79 8
7 39 7
80 78 4
18 94 7
51 79 5
78 39 2
70 76 3
55 15 5
55 88 9
52 81 6
81 94 5
11 39 1
11 76 7
13 28 4
28 9 5
9 35 3
