0 8 1
0 1 4
8 16 9
8 9 5
1 9 7
1 2 0
9 17 1
9 10 6
2 10 1
2 3 4
10 18 1
10 11 3
3 11 9
3 4 3
11 19 1
11 12 3
4 12 1
4 5 8
12 20 5
12 13 3
5 13 6
5 6 8
13 21 2
13 14 7
6 14 6
6 7 4
14 22 9
14 15 6
7 15 6
15 23 5
16 24 4
16 17 6
17 25 9
17 18 4
18 26 9
18 19 9
19 27 2
19 20 1
20 28 4
20 21 1
21 29 7
21 22 1
22 30 1
22 23 4
23 31 2
24 32 9
24 25 9
25 33 9
25 26 6
26 34 4
26 27 8
27 35 5
27 28 7
28 36 9
28 29 8
29 37 1
29 30 8
30 38 3
30 31 3
31 39 6
32 40 7
32 33 9
33 41 1
33 34 2
34 42 2
34 35 7
35 43 7
35 36 2
36 44 5
36 37 9
37 45 7
37 38 5
38 46 4
38 39 7
39 47 2
40 48 8
40 41 6
41 49 1
41 42 2
42 50 1
42 43 2
43 51 2
43 44 6
44 52 9
44 45 4
45 53 1
45 46 7
46 54 2
46 47 7
47 55 1
48 56 8
48 49 8
49 57 3
49 50 9
50 58 9
50 51 2
51 59 8
51 52 8
52 60 2
52 53 5
53 61 4
53 54 2
54 62 9
54 55 2
55 63 2
56 57 8
57 58 3
58 59 6
59 60 5
60 61 4
61 62 2
62 63 7
