0 1 4
0 4 6
0 7 4
0 9 9
0 11 8
0 13 8
0 14 7
0 18 6
0 21 5
0 25 4
0 26 5
0 27 5
0 30 1
0 32 4
0 36 2
0 38 1
0 40 2
0 41 1
0 45 7
0 48 5
0 49 7
0 52 2
0 53 4
0 54 6
0 55 5
0 56 8
0 57 3
0 59 5
0 60 3
0 61 9
0 62 6
0 64 8
0 66 8
0 67 7
0 70 2
0 72 4
0 73 1
0 74 9
0 78 6
0 82 3
0 84 1
0 88 4
0 89 3
0 92 3
0 94 4
0 98 5
1 2 8
1 6 1
1 7 9
1 11 6
1 14 8
1 17 2
1 18 9
1 22 1
1 23 9
1 24 2
1 25 9
1 27 8
1 28 4
1 30 1
1 33 6
1 41 5
1 44 5
1 46 4
1 47 3
1 48 7
1 49 8
1 50 6
1 51 3
1 52 8
1 53 8
1 57 9
1 59 6
1 60 3
1 64 3
1 65 8
1 66 1
1 68 8
1 72 5
1 75 5
1 76 6
1 82 9
1 84 8
1 85 3
1 86 2
1 87 8
1 92 1
1 95 1
1 96 2
1 97 4
1 98 4
2 4 5
2 7 9
2 8 3
2 9 7
2 10 4
2 12 2
2 15 8
2 16 8
2 17 3
2 21 7
2 24 9
2 30 9
2 33 2
2 34 6
2 35 2
2 37 5
2 39 6
2 41 9
2 42 8
2 46 7
2 49 9
2 50 8
2 51 8
2 53 5
2 54 7
2 55 1
2 58 9
2 62 4
2 67 4
2 68 5
2 69 6
2 70 1
2 71 9
2 72 2
2 73 5
2 76 3
2 83 7
2 86 1
2 87 2
2 88 3
2 91 8
2 92 6
2 93 8
2 94 2
2 96 9
2 98 6
3 4 1
3 6 2
3 7 4
3 8 6
3 10 7
3 12 5
3 13 5
3 15 3
3 16 1
3 20 3
3 21 1
3 22 2
3 23 7
3 24 2
3 28 3
3 30 5
3 31 5
3 33 8
3 34 2
3 35 4
3 36 9
3 37 3
3 41 4
3 42 9
3 47 6
3 48 1
3 50 9
3 51 6
3 52 9
3 54 6
3 57 8
3 58 7
3 59 1
3 62 5
3 66 8
3 67 5
3 68 4
3 70 8
3 71 5
3 73 7
3 76 5
3 77 8
3 80 3
3 82 5
3 83 4
3 88 9
3 90 2
3 91 6
3 92 5
3 93 3
3 95 5
3 97 6
3 98 6
4 5 3
4 8 5
4 9 5
4 11 1
4 14 3
4 15 7
4 16 4
4 17 3
4 18 5
4 19 2
4 21 9
4 22 6
4 23 5
4 26 8
4 27 2
4 28 5
4 29 7
4 30 7
4 31 5
4 36 1
4 37 4
4 38 1
4 39 2
4 40 7
4 42 4
4 44 9
4 46 5
4 48 3
4 50 6
4 51 2
4 52 3
4 56 3
4 60 3
4 61 3
4 62 8
4 63 7
4 64 9
4 65 4
4 66 6
4 67 5
4 70 9
4 73 6
4 76 1
4 81 1
4 85 9
4 87 4
4 90 3
4 93 4
4 94 6
4 95 9
4 96 8
4 97 8
4 99 8
5 9 6
5 10 4
5 11 2
5 12 9
5 13 5
5 14 7
5 15 2
5 16 4
5 17 5
5 20 3
5 22 9
5 24 5
5 26 6
5 27 9
5 29 2
5 30 6
5 32 5
5 34 4
5 36 4
5 37 5
5 43 7
5 45 7
5 46 1
5 47 5
5 48 6
5 49 4
5 51 4
5 53 5
5 54 2
5 55 4
5 59 4
5 60 2
5 63 5
5 70 5
5 71 6
5 72 4
5 73 3
5 74 9
5 75 8
5 77 6
5 78 8
5 80 5
5 81 5
5 82 5
5 83 3
5 87 5
5 89 6
5 90 3
5 91 3
5 93 4
5 94 6
5 98 1
5 99 5
6 8 3
6 9 8
6 10 5
6 11 5
6 13 4
6 14 3
6 17 3
6 19 2
6 20 5
6 22 1
6 23 4
6 24 2
6 25 7
6 26 4
6 27 9
6 29 6
6 30 9
6 31 4
6 33 8
6 34 7
6 35 9
6 36 2
6 40 3
6 42 8
6 49 1
6 53 1
6 54 5
6 58 4
6 59 9
6 60 1
6 62 8
6 63 8
6 64 8
6 67 1
6 72 9
6 74 5
6 77 1
6 78 2
6 79 3
6 80 6
6 81 9
6 83 1
6 84 7
6 86 2
6 88 6
6 90 4
6 94 8
6 96 5
6 97 1
7 8 2
7 9 5
7 14 2
7 16 1
7 17 5
7 18 5
7 24 3
7 26 4
7 28 2
7 33 5
7 34 7
7 36 7
7 37 2
7 38 6
7 40 3
7 41 1
7 42 2
7 45 5
7 47 8
7 48 5
7 52 1
7 55 2
7 56 8
7 57 1
7 60 7
7 65 4
7 67 1
7 69 3
7 70 8
7 71 5
7 74 3
7 75 1
7 77 6
7 79 1
7 81 3
7 82 5
7 83 9
7 86 8
7 90 3
7 91 1
7 92 1
7 93 2
7 96 6
7 97 4
7 98 9
7 99 4
8 9 9
8 10 6
8 12 1
8 15 5
8 17 8
8 18 8
8 22 3
8 25 8
8 26 3
8 27 4
8 34 8
8 39 8
8 40 4
8 46 8
8 49 6
8 50 5
8 54 9
8 55 7
8 57 3
8 58 7
8 59 8
8 60 5
8 61 6
8 64 9
8 66 4
8 67 9
8 68 2
8 69 4
8 72 1
8 77 7
8 80 2
8 81 2
8 82 7
8 83 3
8 84 1
8 90 2
8 91 4
8 92 3
8 93 1
8 98 3
8 99 6
9 13 3
9 14 4
9 16 6
9 17 7
9 18 4
9 20 4
9 22 6
9 26 8
9 27 2
9 28 3
9 29 2
9 32 6
9 35 5
9 37 6
9 38 2
9 39 9
9 40 8
9 42 3
9 44 3
9 47 4
9 52 1
9 56 1
9 58 1
9 60 2
9 62 7
9 63 1
9 64 5
9 68 3
9 69 8
9 70 2
9 73 3
9 76 9
9 78 5
9 79 1
9 80 2
9 81 1
9 83 1
9 87 7
9 88 6
9 89 2
9 90 2
9 94 1
9 95 8
9 98 3
10 13 4
10 15 3
10 18 8
10 30 5
10 31 9
10 32 7
10 34 3
10 35 1
10 38 2
10 40 3
10 43 1
10 44 4
10 46 7
10 48 1
10 49 1
10 52 7
10 57 6
10 59 5
10 61 1
10 62 6
10 63 5
10 66 2
10 67 2
10 70 1
10 71 9
10 72 8
10 74 7
10 75 7
10 76 2
10 77 3
10 78 9
10 79 5
10 80 4
10 81 5
10 86 9
10 93 5
10 95 3
10 96 3
10 98 5
10 99 6
11 14 2
11 20 9
11 21 4
11 22 1
11 26 7
11 27 4
11 28 2
11 30 8
11 31 6
11 33 4
11 35 6
11 37 7
11 38 6
11 42 5
11 43 4
11 44 3
11 46 9
11 51 8
11 52 7
11 55 8
11 57 2
11 58 1
11 60 1
11 61 3
11 62 8
11 64 9
11 67 7
11 69 5
11 71 8
11 72 3
11 73 8
11 74 8
11 75 5
11 78 7
11 82 8
11 83 8
11 85 6
11 92 5
11 95 5
11 97 4
11 98 7
12 14 4
12 17 8
12 18 9
12 20 8
12 22 6
12 24 7
12 26 2
12 30 3
12 36 3
12 39 1
12 40 4
12 43 7
12 45 6
12 48 4
12 49 8
12 51 8
12 53 1
12 55 6
12 56 7
12 58 1
12 59 4
12 60 4
12 66 9
12 68 6
12 69 7
12 70 5
12 73 9
12 74 2
12 77 8
12 78 8
12 79 3
12 80 8
12 84 8
12 85 3
12 86 4
12 89 8
12 91 5
12 94 2
12 95 8
12 99 6
13 14 3
13 15 6
13 16 9
13 17 5
13 18 2
13 21 7
13 24 3
13 25 1
13 29 7
13 30 2
13 31 5
13 35 6
13 37 2
13 38 2
13 40 4
13 41 8
13 43 3
13 50 2
13 52 4
13 53 8
13 55 2
13 56 1
13 57 3
13 60 2
13 64 9
13 65 7
13 66 6
13 68 1
13 69 3
13 70 7
13 72 9
13 74 7
13 78 6
13 80 9
13 82 1
13 83 9
13 89 7
13 92 8
13 93 8
13 94 9
13 97 2
13 99 2
14 16 5
14 18 8
14 19 8
14 20 3
14 25 9
14 26 4
14 28 3
14 29 9
14 30 2
14 31 9
14 32 7
14 33 6
14 34 6
14 35 1
14 36 9
14 37 4
14 39 2
14 40 8
14 43 5
14 45 5
14 48 3
14 55 3
14 57 1
14 58 6
14 60 8
14 61 9
14 62 8
14 63 2
14 64 5
14 69 3
14 70 6
14 72 9
14 75 6
14 76 9
14 77 8
14 80 4
14 81 1
14 82 1
14 84 2
14 86 9
14 87 8
14 88 4
14 90 2
14 94 8
14 95 1
14 96 5
14 98 1
15 17 3
15 18 2
15 19 1
15 20 7
15 21 3
15 22 2
15 23 2
15 24 3
15 27 1
15 30 3
15 31 4
15 40 2
15 42 6
15 50 1
15 55 7
15 60 9
15 61 3
15 65 2
15 67 6
15 69 4
15 70 9
15 71 9
15 73 9
15 74 9
15 77 2
15 78 1
15 85 7
15 86 1
15 89 8
15 94 4
15 98 1
16 17 9
16 18 6
16 20 2
16 23 4
16 25 7
16 27 3
16 29 7
16 30 6
16 33 6
16 34 8
16 35 8
16 37 2
16 38 9
16 44 1
16 46 5
16 47 4
16 48 5
16 49 2
16 50 4
16 55 8
16 56 2
16 57 6
16 58 1
16 59 4
16 62 4
16 63 9
16 65 1
16 69 6
16 71 9
16 73 3
16 74 2
16 75 9
16 77 1
16 82 3
16 90 8
16 93 4
16 96 2
16 98 6
16 99 3
17 18 9
17 21 5
17 22 9
17 24 2
17 25 9
17 26 5
17 27 9
17 30 6
17 31 3
17 32 2
17 34 5
17 35 6
17 40 8
17 41 1
17 42 1
17 44 3
17 46 5
17 51 4
17 53 2
17 54 9
17 58 3
17 59 5
17 60 7
17 62 4
17 63 7
17 65 7
17 66 9
17 69 5
17 71 5
17 72 8
17 77 2
17 78 9
17 80 1
17 84 2
17 85 4
17 86 9
17 88 9
17 93 2
17 95 1
17 96 5
18 19 4
18 20 8
18 22 1
18 24 7
18 25 5
18 26 8
18 29 3
18 31 9
18 33 4
18 34 1
18 35 3
18 38 3
18 39 3
18 40 8
18 41 3
18 44 6
18 46 9
18 48 7
18 50 7
18 53 8
18 54 9
18 57 2
18 60 1
18 66 6
18 68 4
18 70 9
18 77 4
18 81 7
18 82 3
18 83 5
18 84 3
18 85 4
18 86 7
18 88 9
18 89 1
18 90 8
18 91 1
18 92 8
18 95 6
18 97 9
18 99 6
19 20 9
19 21 9
19 22 6
19 24 9
19 25 6
19 26 4
19 27 3
19 28 3
19 30 5
19 32 4
19 33 8
19 35 3
19 38 3
19 39 3
19 40 9
19 42 8
19 44 7
19 46 4
19 47 1
19 51 1
19 52 4
19 54 9
19 55 2
19 57 7
19 61 3
19 65 2
19 68 3
19 69 6
19 70 7
19 74 6
19 75 4
19 76 6
19 78 3
19 79 7
19 80 3
19 81 3
19 82 6
19 85 8
19 88 6
19 89 5
19 90 2
19 91 8
19 92 5
19 93 4
19 98 7
19 99 9
20 21 5
20 23 5
20 24 6
20 29 8
20 31 3
20 33 1
20 34 5
20 36 8
20 39 4
20 41 9
20 44 1
20 45 5
20 46 4
20 49 1
20 50 9
20 51 8
20 52 5
20 54 3
20 55 2
20 60 3
20 61 3
20 65 1
20 67 8
20 74 1
20 75 4
20 79 4
20 80 1
20 82 8
20 84 9
20 85 9
20 86 2
20 87 7
20 88 8
20 89 1
20 94 7
20 96 3
20 97 1
21 26 7
21 28 1
21 29 7
21 30 8
21 31 1
21 33 6
21 34 7
21 36 2
21 40 1
21 45 8
21 47 5
21 49 2
21 50 2
21 53 4
21 58 1
21 59 2
21 60 6
21 61 2
21 62 9
21 63 5
21 64 1
21 66 6
21 67 6
21 68 2
21 69 7
21 73 4
21 74 8
21 75 1
21 76 5
21 77 3
21 79 5
21 81 7
21 87 9
21 88 3
21 89 8
21 92 9
21 94 6
21 95 1
21 97 3
21 98 7
21 99 4
22 24 2
22 25 3
22 26 1
22 27 4
22 29 2
22 31 1
22 33 6
22 34 3
22 37 7
22 40 5
22 42 5
22 43 9
22 44 8
22 45 4
22 48 1
22 49 2
22 50 5
22 51 2
22 52 8
22 54 8
22 55 7
22 56 5
22 57 6
22 58 3
22 61 3
22 68 2
22 69 6
22 70 2
22 71 5
22 72 1
22 78 1
22 82 8
22 89 3
22 94 4
22 95 4
22 96 9
22 97 9
23 25 1
23 26 9
23 28 9
23 30 9
23 33 4
23 34 6
23 35 4
23 36 4
23 38 9
23 39 6
23 43 4
23 45 1
23 46 6
23 47 9
23 52 2
23 54 4
23 55 4
23 57 9
23 58 1
23 59 4
23 60 2
23 64 5
23 65 6
23 67 7
23 68 9
23 70 4
23 72 8
23 74 4
23 75 5
23 76 9
23 77 9
23 78 6
23 80 8
23 81 4
23 84 8
23 85 8
23 86 7
23 89 1
23 90 3
23 94 2
23 95 8
23 99 3
24 25 6
24 27 2
24 28 6
24 29 4
24 32 2
24 37 5
24 39 9
24 41 2
24 45 7
24 46 6
24 47 4
24 49 1
24 50 1
24 51 6
24 54 2
24 57 2
24 58 8
24 59 2
24 60 2
24 61 1
24 65 4
24 67 6
24 68 3
24 69 8
24 70 6
24 71 6
24 72 4
24 73 2
24 74 2
24 76 5
24 77 3
24 79 5
24 81 5
24 87 7
24 88 6
24 90 7
24 92 6
24 95 9
24 96 5
24 98 8
24 99 6
25 26 1
25 30 4
25 32 7
25 33 1
25 34 6
25 35 4
25 36 6
25 37 4
25 38 1
25 40 1
25 42 5
25 46 9
25 47 5
25 50 1
25 52 9
25 54 1
25 55 3
25 58 5
25 59 2
25 60 8
25 61 4
25 63 1
25 64 5
25 67 5
25 68 1
25 70 6
25 71 4
25 75 3
25 81 3
25 83 6
25 87 2
25 88 7
25 89 5
25 90 3
25 91 6
25 97 2
25 98 5
25 99 8
26 27 1
26 29 2
26 30 6
26 31 9
26 33 1
26 36 6
26 39 2
26 40 9
26 44 6
26 45 8
26 48 7
26 49 3
26 52 6
26 53 2
26 54 1
26 57 7
26 59 2
26 60 1
26 61 5
26 62 2
26 63 5
26 65 6
26 67 3
26 70 8
26 71 1
26 72 7
26 76 7
26 77 9
26 78 2
26 80 2
26 81 9
26 83 7
26 84 1
26 89 5
26 90 4
26 91 1
26 93 1
26 95 1
26 97 4
26 99 1
27 29 6
27 30 9
27 31 9
27 32 6
27 33 7
27 34 6
27 35 7
27 36 8
27 40 8
27 41 3
27 42 7
27 44 4
27 47 6
27 48 9
27 49 4
27 50 6
27 51 4
27 53 5
27 54 1
27 55 3
27 56 3
27 59 1
27 61 8
27 63 5
27 65 7
27 66 8
27 67 0
27 70 8
27 71 7
27 72 7
27 73 7
27 74 9
27 77 2
27 78 1
27 79 6
27 81 8
27 83 1
27 85 1
27 86 1
27 92 1
27 93 1
27 96 6
27 97 7
27 99 5
28 30 5
28 31 5
28 32 5
28 33 6
28 34 5
28 38 4
28 39 4
28 42 7
28 46 2
28 47 8
28 48 6
28 54 4
28 57 7
28 61 9
28 63 2
28 64 3
28 65 2
28 67 1
28 69 9
28 70 6
28 72 9
28 74 4
28 75 9
28 76 3
28 79 8
28 80 9
28 82 1
28 83 1
28 84 6
28 85 5
28 93 4
28 96 1
28 97 6
28 99 3
29 30 9
29 34 3
29 37 2
29 39 3
29 41 3
29 43 5
29 44 4
29 46 9
29 48 8
29 49 2
29 50 7
29 55 5
29 56 8
29 57 3
29 59 4
29 63 7
29 65 6
29 67 1
29 69 2
29 71 1
29 75 9
29 77 6
29 80 6
29 82 7
29 84 6
29 85 1
29 86 6
29 89 8
29 91 7
29 92 7
29 95 9
29 99 1
30 33 7
30 35 1
30 38 1
30 46 2
30 52 7
30 53 1
30 54 5
30 56 3
30 58 4
30 59 2
30 60 1
30 61 9
30 63 9
30 64 2
30 68 6
30 69 1
30 71 4
30 73 9
30 74 3
30 75 8
30 76 7
30 77 6
30 80 2
30 81 3
30 82 5
30 84 1
30 87 5
30 88 6
30 89 6
30 90 1
30 91 5
30 92 4
30 94 6
30 96 2
31 32 8
31 36 6
31 37 8
31 38 8
31 42 1
31 44 8
31 47 2
31 48 7
31 52 9
31 53 8
31 54 7
31 55 7
31 58 6
31 61 7
31 63 9
31 65 9
31 66 9
31 68 2
31 72 9
31 74 2
31 78 5
31 79 6
31 82 3
31 84 4
31 85 3
31 86 7
31 87 8
31 88 9
31 89 9
31 93 4
31 98 7
31 99 5
32 33 8
32 34 4
32 36 7
32 37 4
32 38 5
32 39 2
32 40 9
32 41 7
32 42 9
32 51 1
32 57 7
32 58 5
32 59 9
32 60 3
32 62 2
32 63 2
32 67 8
32 70 4
32 71 1
32 72 9
32 76 9
32 79 5
32 81 9
32 82 1
32 84 9
32 85 1
32 87 6
32 90 9
32 91 1
32 92 5
32 93 8
32 94 3
32 97 3
33 34 7
33 37 3
33 38 8
33 41 3
33 42 8
33 43 4
33 44 5
33 49 6
33 52 1
33 57 9
33 60 7
33 63 7
33 64 3
33 66 1
33 69 4
33 71 8
33 75 7
33 80 9
33 81 4
33 85 8
33 87 1
33 89 2
33 90 3
33 92 4
33 95 4
33 99 7
34 38 9
34 39 3
34 40 8
34 43 8
34 44 9
34 46 1
34 47 8
34 55 5
34 58 1
34 63 9
34 64 7
34 66 2
34 67 5
34 68 4
34 70 9
34 71 5
34 72 2
34 73 4
34 74 9
34 80 1
34 82 3
34 83 5
34 84 6
34 85 8
34 87 4
34 88 9
34 89 6
34 90 5
34 94 1
34 95 2
34 98 8
35 38 2
35 41 6
35 43 2
35 44 9
35 46 2
35 49 4
35 51 9
35 54 2
35 57 2
35 59 3
35 61 6
35 68 5
35 69 9
35 72 6
35 73 4
35 76 3
35 80 7
35 81 6
35 82 2
35 83 8
35 88 5
35 91 5
35 95 2
35 97 5
35 98 6
36 37 6
36 39 6
36 40 3
36 41 1
36 42 1
36 43 2
36 45 5
36 49 8
36 51 5
36 52 8
36 53 1
36 55 6
36 57 9
36 58 4
36 60 2
36 63 1
36 66 9
36 72 2
36 74 1
36 75 5
36 80 5
36 81 4
36 85 7
36 89 4
36 90 7
36 92 7
36 95 4
36 96 6
36 97 2
36 98 4
37 39 9
37 41 2
37 42 4
37 43 2
37 45 8
37 46 6
37 47 3
37 48 3
37 50 4
37 51 4
37 56 8
37 58 3
37 60 7
37 62 9
37 66 7
37 67 4
37 68 3
37 70 2
37 71 7
37 72 9
37 73 1
37 74 1
37 75 1
37 76 7
37 77 4
37 80 9
37 83 9
37 85 6
37 86 2
37 87 2
37 88 6
37 89 6
37 90 4
37 92 7
38 41 2
38 42 2
38 43 3
38 44 5
38 46 7
38 48 8
38 56 2
38 57 9
38 58 4
38 59 6
38 62 7
38 65 7
38 66 8
38 68 2
38 69 3
38 70 2
38 71 5
38 72 1
38 73 5
38 74 4
38 76 6
38 77 9
38 78 4
38 81 1
38 82 5
38 83 9
38 86 6
38 94 8
38 95 1
38 98 6
38 99 4
39 44 1
39 45 1
39 46 9
39 47 3
39 49 9
39 50 2
39 51 6
39 53 1
39 54 1
39 57 5
39 58 7
39 59 4
39 60 2
39 61 7
39 64 7
39 70 4
39 72 7
39 73 9
39 75 5
39 77 9
39 82 5
39 83 5
39 89 6
39 91 6
39 94 9
39 95 3
39 97 1
39 98 5
39 99 9
40 42 8
40 43 3
40 44 8
40 45 1
40 46 7
40 48 3
40 52 1
40 53 4
40 55 6
40 57 5
40 59 1
40 62 9
40 66 8
40 70 1
40 71 7
40 73 6
40 74 8
40 75 4
40 79 3
40 85 5
40 86 2
40 89 4
40 92 7
40 94 5
40 95 4
40 97 2
40 98 7
40 99 4
41 45 4
41 46 7
41 47 9
41 48 9
41 50 6
41 51 7
41 52 6
41 53 4
41 54 5
41 56 7
41 59 9
41 60 3
41 62 8
41 63 7
41 64 1
41 65 5
41 67 5
41 68 8
41 70 8
41 71 5
41 73 1
41 74 3
41 76 1
41 78 8
41 80 4
41 82 8
41 84 2
41 85 7
41 86 8
41 87 5
41 90 2
41 92 2
41 93 4
41 94 4
41 99 4
42 44 6
42 45 4
42 47 4
42 49 7
42 50 9
42 51 8
42 53 4
42 55 3
42 56 2
42 57 7
42 58 2
42 61 8
42 62 2
42 65 2
42 66 9
42 67 4
42 69 4
42 74 3
42 78 9
42 81 1
42 83 3
42 84 4
42 86 8
42 88 2
42 89 7
42 90 3
42 91 5
42 96 2
42 99 4
43 45 8
43 48 5
43 49 1
43 50 8
43 51 4
43 52 4
43 54 4
43 55 2
43 57 2
43 58 5
43 59 4
43 61 4
43 63 6
43 64 4
43 67 7
43 69 3
43 73 8
43 74 3
43 75 4
43 78 3
43 79 7
43 81 5
43 82 1
43 83 6
43 84 5
43 86 8
43 87 8
43 89 5
43 93 3
43 95 4
43 96 9
43 98 3
43 99 8
44 45 3
44 46 7
44 50 7
44 52 4
44 54 8
44 56 4
44 61 3
44 65 9
44 75 7
44 76 4
44 77 9
44 79 3
44 81 1
44 83 7
44 84 5
44 86 3
44 87 3
44 89 9
44 90 4
44 93 8
44 94 3
44 95 3
44 96 5
44 97 5
45 49 8
45 51 2
45 53 3
45 54 4
45 58 8
45 60 8
45 61 7
45 64 2
45 67 7
45 68 6
45 72 5
45 73 7
45 74 8
45 77 4
45 79 1
45 80 6
45 81 2
45 84 2
45 85 1
45 87 3
45 88 6
45 89 1
45 90 1
45 91 4
45 92 1
45 94 7
45 96 5
46 47 9
46 49 4
46 51 9
46 53 3
46 54 7
46 56 8
46 57 8
46 58 5
46 60 3
46 61 4
46 66 7
46 67 4
46 70 8
46 71 5
46 72 7
46 73 5
46 75 1
46 76 8
46 77 4
46 79 9
46 81 1
46 86 9
46 88 5
46 91 4
46 96 6
46 98 4
46 99 5
47 48 9
47 49 8
47 50 4
47 51 6
47 55 8
47 58 9
47 59 3
47 61 7
47 62 2
47 63 9
47 64 9
47 65 5
47 68 9
47 70 6
47 75 7
47 76 6
47 77 9
47 80 8
47 83 9
47 84 4
47 86 9
47 89 2
47 90 4
47 96 8
47 97 7
48 49 8
48 51 7
48 52 8
48 53 8
48 54 1
48 55 5
48 58 9
48 61 5
48 63 2
48 66 3
48 67 5
48 68 4
48 70 1
48 71 2
48 72 5
48 74 6
48 76 8
48 77 3
48 78 5
48 81 1
48 84 1
48 92 6
48 93 5
48 94 8
48 95 3
48 96 3
48 97 1
48 98 7
49 50 1
49 52 1
49 55 6
49 56 4
49 58 9
49 59 4
49 60 2
49 62 2
49 63 2
49 67 3
49 69 7
49 70 2
49 71 7
49 72 9
49 74 8
49 75 8
49 76 6
49 77 4
49 80 8
49 82 5
49 83 6
49 87 8
49 90 6
49 92 3
49 94 3
49 96 2
49 98 2
50 52 8
50 54 1
50 55 6
50 57 7
50 59 3
50 60 6
50 61 1
50 64 6
50 65 1
50 66 3
50 67 3
50 70 4
50 76 6
50 77 9
50 85 5
50 89 1
50 90 9
50 91 9
50 92 5
50 93 3
50 95 4
50 96 8
50 98 9
50 99 3
51 52 8
51 54 4
51 58 3
51 61 4
51 62 9
51 63 3
51 67 4
51 72 7
51 74 8
51 75 2
51 76 4
51 78 2
51 80 2
51 82 6
51 84 6
51 87 9
51 88 8
51 92 6
51 95 4
51 96 6
51 97 4
51 99 8
52 53 8
52 56 9
52 57 6
52 58 6
52 61 2
52 62 6
52 63 6
52 64 8
52 66 8
52 67 8
52 69 2
52 71 3
52 74 4
52 76 4
52 78 2
52 79 8
52 82 7
52 83 3
52 85 3
52 87 9
52 88 2
52 90 4
52 97 1
53 55 4
53 56 6
53 59 2
53 60 4
53 64 5
53 65 8
53 66 6
53 67 4
53 68 8
53 70 7
53 73 8
53 77 1
53 78 9
53 80 6
53 81 2
53 83 7
53 84 3
53 85 1
53 86 7
53 88 7
53 89 9
53 91 1
53 92 3
53 95 7
53 96 1
54 55 2
54 57 5
54 59 9
54 61 6
54 63 5
54 65 3
54 67 6
54 69 7
54 71 4
54 73 4
54 74 9
54 75 7
54 76 4
54 79 6
54 83 9
54 84 8
54 85 4
54 86 3
54 87 1
54 89 2
54 92 3
54 93 5
54 94 1
54 96 9
54 97 2
54 98 3
55 56 6
55 57 1
55 60 3
55 61 3
55 63 2
55 66 8
55 67 8
55 69 2
55 70 1
55 72 2
55 73 9
55 75 1
55 79 5
55 80 2
55 81 8
55 83 3
55 84 1
55 85 2
55 86 5
55 88 7
55 89 3
55 91 3
55 93 9
55 96 4
55 99 5
56 58 1
56 59 7
56 60 6
56 62 1
56 63 4
56 64 4
56 66 7
56 67 8
56 69 5
56 71 9
56 72 5
56 73 9
56 76 6
56 79 6
56 81 9
56 82 9
56 83 1
56 84 2
56 85 7
56 86 9
56 88 6
56 95 8
56 97 5
57 60 6
57 62 5
57 63 4
57 65 3
57 66 6
57 68 1
57 69 6
57 70 7
57 72 4
57 75 1
57 76 3
57 77 1
57 78 8
57 79 7
57 80 3
57 81 6
57 90 2
57 94 9
57 95 7
58 60 5
58 61 8
58 66 7
58 68 7
58 69 3
58 72 9
58 73 2
58 74 8
58 75 2
58 76 7
58 78 4
58 82 7
58 83 6
58 84 4
58 86 6
58 87 2
58 88 4
58 92 1
58 94 1
58 97 7
59 62 7
59 67 6
59 68 2
59 69 9
59 70 9
59 74 7
59 75 8
59 77 9
59 79 8
59 80 3
59 82 4
59 84 8
59 85 5
59 89 9
59 90 2
59 91 4
59 94 8
59 96 2
60 66 7
60 67 9
60 68 8
60 70 7
60 71 3
60 72 8
60 73 9
60 76 4
60 78 8
60 80 2
60 82 7
60 84 6
60 86 2
60 87 8
60 92 6
60 98 8
61 64 3
61 71 3
61 72 2
61 74 8
61 75 2
61 77 8
61 78 2
61 80 6
61 82 3
61 83 8
61 84 5
61 87 5
61 90 1
61 91 5
61 92 3
61 93 8
61 94 1
61 97 3
61 98 3
61 99 1
62 65 7
62 66 7
62 68 6
62 75 5
62 77 3
62 79 2
62 81 9
62 82 9
62 85 5
62 86 5
62 87 6
62 88 8
62 89 9
62 93 8
62 96 4
62 98 4
62 99 6
63 65 9
63 66 1
63 69 3
63 70 4
63 71 6
63 82 4
63 83 2
63 86 5
63 87 4
63 90 2
63 91 9
63 93 4
63 96 2
64 67 1
64 69 8
64 70 8
64 74 4
64 75 2
64 76 3
64 77 2
64 80 5
64 82 1
64 83 9
64 86 1
64 89 8
64 93 9
64 99 9
65 66 8
65 69 5
65 70 3
65 71 3
65 73 2
65 75 6
65 77 1
65 83 5
65 85 9
65 86 3
65 89 6
65 91 6
65 97 7
65 98 4
66 67 7
66 68 7
66 70 5
66 71 6
66 72 6
66 73 8
66 74 4
66 75 7
66 78 1
66 80 9
66 83 2
66 87 8
66 93 2
66 94 4
66 95 4
66 98 2
66 99 5
67 70 9
67 73 3
67 74 7
67 75 6
67 76 9
67 77 1
67 78 5
67 79 9
67 80 5
67 83 6
67 84 8
67 85 3
67 86 4
67 88 8
67 89 8
67 92 5
67 93 3
67 95 8
67 97 9
68 72 7
68 78 2
68 79 8
68 81 2
68 83 8
68 86 8
68 87 3
68 91 6
68 95 4
68 96 6
68 98 9
69 75 7
69 76 9
69 77 2
69 78 8
69 81 1
69 82 3
69 88 6
69 96 7
69 97 2
70 71 8
70 73 8
70 75 4
70 76 6
70 77 1
70 78 9
70 82 3
70 85 5
70 87 2
70 88 3
70 89 2
70 91 3
70 92 1
70 94 1
70 97 6
71 73 8
71 74 4
71 75 1
71 76 9
71 78 4
71 79 4
71 80 1
71 81 3
71 82 5
71 83 5
71 86 5
71 87 3
71 91 3
71 94 4
71 96 5
71 97 8
71 99 6
72 73 1
72 75 1
72 78 5
72 81 4
72 83 8
72 84 7
72 88 7
72 89 3
72 91 7
72 92 7
72 95 9
72 99 8
73 74 3
73 79 7
73 80 7
73 81 1
73 89 8
73 90 5
73 91 5
73 93 3
73 94 4
73 96 2
73 97 7
73 98 5
74 78 5
74 80 4
74 82 1
74 83 5
74 86 7
74 88 4
74 90 3
74 91 1
74 94 1
75 78 2
75 79 6
75 81 1
75 86 8
75 89 2
75 91 6
75 92 5
75 93 6
75 95 5
75 96 9
75 97 9
75 98 3
75 99 5
76 78 1
76 79 2
76 80 7
76 86 8
76 88 1
76 89 7
76 90 9
76 92 7
76 96 1
76 99 2
77 78 4
77 81 9
77 83 8
77 84 3
77 87 9
77 90 5
77 91 6
77 93 5
77 95 3
77 96 3
77 97 5
77 98 3
78 80 6
78 83 9
78 85 7
78 86 7
78 88 1
78 90 8
78 92 5
78 93 7
78 95 6
78 97 9
79 81 1
79 87 1
79 88 6
79 89 3
79 90 6
79 91 3
79 93 7
79 95 7
79 98 6
80 81 3
80 82 7
80 84 6
80 87 9
80 88 1
80 90 2
80 91 2
80 92 5
80 93 9
80 96 5
80 97 1
80 98 2
80 99 2
81 85 2
81 86 9
81 87 8
81 92 3
81 93 4
81 94 7
81 95 6
81 97 9
81 98 9
82 83 1
82 85 2
82 90 1
82 91 3
82 94 8
82 97 6
82 98 5
82 99 2
83 84 5
83 89 2
83 90 2
83 93 3
83 95 5
83 96 7
83 97 6
83 98 5
84 85 9
84 86 3
84 87 5
84 91 5
84 93 1
84 95 7
84 97 7
85 86 4
85 87 1
85 88 1
85 91 3
85 94 2
85 95 3
85 96 3
85 97 9
85 99 6
86 90 7
86 91 9
86 92 2
86 95 5
86 96 1
87 88 5
87 89 4
87 93 2
87 95 9
87 98 9
88 89 3
88 91 5
88 92 3
88 98 2
89 90 1
89 91 2
89 93 4
89 94 3
89 95 4
89 96 6
90 91 8
90 93 4
90 94 3
90 97 3
90 98 9
91 99 2
92 94 3
92 95 7
92 96 4
92 97 1
92 99 1
93 95 8
93 96 6
93 97 3
93 98 1
93 99 5
94 95 5
94 98 6
95 98 7
96 97 8
96 99 3
97 99 2
