0 2 8
0 3 7
0 7 9
0 8 4
0 11 2
0 14 7
0 16 8
0 18 1
0 19 4
0 22 8
0 24 9
0 27 2
0 28 2
0 30 5
0 32 8
0 40 3
0 43 3
0 44 1
0 46 4
0 48 5
0 49 5
1 5 5
1 6 6
1 7 5
1 8 3
1 9 2
1 10 4
1 11 2
1 13 3
1 14 3
1 18 3
1 19 2
1 20 1
1 22 4
1 24 2
1 25 4
1 26 8
1 27 1
1 28 4
1 32 7
1 33 5
1 35 9
1 36 1
1 38 4
1 39 5
1 40 9
1 43 9
1 47 2
1 49 9
2 3 0
2 4 9
2 8 8
2 13 6
2 14 4
2 15 3
2 16 4
2 17 2
2 22 3
2 24 5
2 30 6
2 31 8
2 32 9
2 35 1
2 36 5
2 39 9
2 41 5
2 43 6
2 44 9
2 45 7
2 48 7
2 49 3
3 5 7
3 7 3
3 8 7
3 11 7
3 12 7
3 14 1
3 15 5
3 16 5
3 17 9
3 18 5
3 20 1
3 23 4
3 24 8
3 26 8
3 27 4
3 28 5
3 30 2
3 32 3
3 34 1
3 35 7
3 36 1
3 37 9
3 38 3
3 40 3
3 41 3
3 45 4
3 46 4
3 48 1
3 49 7
4 8 4
4 9 2
4 10 8
4 11 6
4 13 9
4 20 6
4 21 9
4 24 4
4 26 9
4 27 6
4 29 6
4 30 1
4 34 9
4 35 3
4 36 7
4 37 8
4 41 5
4 42 8
4 43 4
4 44 2
4 49 5
5 7 5
5 10 6
5 12 7
5 13 3
5 14 7
5 15 9
5 19 8
5 20 7
5 21 6
5 24 6
5 25 5
5 26 6
5 27 6
5 30 1
5 31 7
5 33 4
5 34 9
5 35 4
5 37 6
5 41 3
5 42 3
5 46 1
6 7 9
6 12 5
6 13 9
6 18 9
6 19 5
6 20 1
6 21 8
6 25 2
6 26 4
6 27 7
6 30 4
6 31 2
6 33 8
6 40 4
6 43 6
6 46 7
6 48 4
7 9 7
7 10 8
7 11 2
7 19 5
7 20 2
7 23 7
7 25 6
7 27 1
7 28 9
7 35 5
7 36 6
7 37 4
7 43 1
7 46 3
7 49 1
8 10 9
8 11 8
8 12 5
8 13 6
8 14 8
8 17 8
8 18 6
8 20 6
8 23 7
8 27 3
8 30 9
8 33 6
8 36 6
8 37 3
8 39 3
8 40 6
8 45 3
8 46 3
8 48 8
9 10 9
9 14 7
9 21 6
9 22 3
9 23 1
9 25 1
9 26 7
9 28 7
9 29 3
9 30 8
9 32 4
9 35 1
9 38 9
9 39 1
9 42 1
9 44 9
9 48 8
10 11 4
10 12 6
10 15 5
10 21 7
10 22 6
10 23 5
10 24 2
10 25 8
10 30 7
10 31 2
10 32 8
10 33 2
10 37 9
10 38 2
10 40 2
10 41 3
10 43 4
10 44 4
10 47 9
11 12 2
11 13 8
11 14 4
11 15 7
11 17 6
11 18 6
11 19 7
11 22 8
11 24 6
11 27 3
11 28 2
11 31 2
11 34 5
11 35 5
11 37 7
11 38 8
11 39 8
11 40 3
11 41 5
11 43 9
11 45 9
11 47 8
11 48 9
11 49 5
12 14 5
12 15 2
12 16 5
12 18 3
12 21 5
12 23 6
12 24 1
12 26 9
12 27 1
12 28 7
12 29 6
12 30 7
12 32 1
12 33 7
12 34 5
12 35 6
12 38 2
12 39 8
12 40 9
12 42 9
12 44 8
12 45 9
12 46 4
12 49 7
13 14 4
13 15 5
13 18 6
13 19 1
13 21 9
13 24 1
13 25 8
13 26 8
13 27 2
13 31 3
13 32 2
13 34 9
13 36 7
13 38 5
13 42 8
13 43 6
13 44 3
13 46 7
13 48 2
14 17 5
14 18 1
14 21 4
14 23 8
14 29 6
14 31 8
14 32 9
14 38 5
14 41 3
14 43 4
14 45 6
14 46 1
15 18 6
15 19 6
15 20 6
15 27 1
15 35 5
15 36 7
15 38 7
15 39 5
15 40 8
15 42 7
15 43 2
15 48 7
16 19 8
16 21 1
16 22 4
16 23 2
16 25 2
16 26 6
16 27 3
16 28 9
16 32 7
16 33 5
16 37 7
16 39 6
16 40 2
16 41 8
16 42 2
16 44 2
16 47 1
16 49 5
17 18 1
17 19 7
17 22 2
17 24 5
17 25 4
17 29 8
17 31 8
17 38 4
17 39 8
17 40 9
17 41 9
17 42 1
17 44 4
17 47 6
17 48 5
17 49 2
18 20 9
18 23 4
18 24 6
18 25 7
18 29 8
18 30 9
18 31 9
18 33 1
18 36 7
18 37 2
18 38 9
18 41 7
18 42 5
18 43 5
18 46 2
18 49 3
19 20 2
19 22 6
19 23 1
19 24 4
19 25 9
19 28 3
19 29 1
19 31 7
19 32 2
19 34 9
19 35 5
19 36 7
19 37 8
19 41 1
19 43 1
19 47 7
19 48 1
20 21 9
20 23 1
20 24 1
20 26 6
20 27 8
20 28 9
20 30 4
20 33 9
20 36 7
20 37 4
20 38 6
20 39 7
20 40 1
20 43 7
20 45 4
20 47 3
21 22 1
21 25 7
21 28 9
21 29 5
21 31 9
21 33 7
21 34 3
21 35 9
21 36 3
21 38 4
21 43 5
21 44 6
21 46 3
21 47 3
21 48 1
22 23 9
22 26 7
22 27 3
22 32 4
22 35 2
22 37 5
22 39 4
22 40 1
22 42 6
22 44 8
22 45 8
23 24 7
23 27 1
23 33 9
23 35 7
23 37 4
23 40 8
23 41 8
23 44 1
23 48 4
24 27 9
24 30 5
24 33 2
24 34 3
24 37 6
24 38 7
24 42 7
24 46 2
24 47 5
25 28 2
25 29 4
25 30 1
25 31 2
25 33 4
25 34 3
25 37 9
25 41 9
25 42 7
25 44 5
25 45 4
25 47 1
25 48 2
25 49 9
26 27 6
26 28 2
26 29 4
26 31 7
26 33 6
26 34 2
26 36 8
26 39 9
26 40 3
26 42 4
26 43 6
26 45 2
26 46 1
26 47 8
26 49 3
27 28 4
27 29 1
27 30 4
27 31 3
27 32 8
27 40 8
27 41 5
27 43 7
27 44 6
27 47 9
27 48 5
28 32 5
28 33 8
28 35 2
28 37 7
28 40 5
28 41 1
28 43 6
28 44 5
28 47 2
28 49 9
29 31 1
29 32 3
29 34 4
29 35 2
29 36 6
29 38 6
29 41 7
29 46 7
29 48 3
29 49 4
30 32 6
30 33 4
30 35 9
30 41 1
30 46 8
30 49 5
31 33 7
31 34 3
31 35 1
31 38 9
31 44 5
31 48 8
31 49 5
32 34 7
32 35 9
32 40 8
32 42 2
32 45 5
32 49 2
33 34 5
33 35 8
33 36 4
33 39 8
33 40 8
33 41 6
33 43 2
33 46 7
33 47 8
34 38 7
34 40 7
34 42 9
34 43 6
34 44 8
34 49 4
35 36 2
35 38 7
35 40 2
35 41 8
35 44 8
35 46 9
35 48 9
36 37 9
36 38 3
36 40 6
36 42 6
36 44 1
36 45 5
36 46 6
37 41 4
37 42 4
37 43 1
37 44 5
37 46 6
37 47 7
37 48 6
38 39 9
38 40 2
38 41 9
38 46 1
38 49 5
39 45 4
39 46 3
39 47 9
40 42 7
40 44 7
40 46 7
40 47 6
40 49 5
41 42 2
41 43 8
41 46 6
41 49 2
42 43 7
42 44 6
42 45 9
42 48 2
42 49 7
43 44 3
43 46 6
43 48 4
44 46 1
44 47 1
44 48 6
44 49 3
45 46 4
45 47 9
45 49 5
46 47 8
46 48 5
46 49 6
47 48 4
47 49 1
