86 90 1
86 22 7
86 84 3
90 36 2
90 80 9
37 82 3
37 5 8
37 70 8
82 23 3
82 4 7
29 63 9
29 15 1
29 31 1
63 25 1
63 1 5
2 5 2
2 51 3
2 62 7
5 65 7
4 93 9
4 35 7
93 18 6
93 41 1
17 51 1
17 78 2
17 50 2
51 38 6
64 85 1
64 50 1
64 18 9
85 7 1
85 68 3
21 53 6
21 74 8
21 32 1
53 48 6
53 55 0
28 75 1
28 15 7
28 10 8
75 62 9
75 39 5
20 35 8
20 33 8
20 36 6
35 0 2
71 97 8
71 87 4
71 88 2
97 61 1
97 15 9
7 68 5
7 47 4
68 56 3
49 98 3
49 40 8
49 96 6
98 56 3
98 30 6
39 62 5
39 96 4
8 60 4
8 95 8
8 83 2
60 25 5
60 33 5
16 84 1
16 91 2
16 24 7
84 58 3
23 6 4
23 92 3
25 80 6
43 81 6
43 69 6
43 77 9
81 1 2
81 56 9
54 76 4
54 73 1
54 13 4
76 26 8
76 45 6
6 26 9
6 78 4
48 69 7
48 73 2
26 34 8
50 46 2
79 88 9
79 94 8
79 66 1
88 57 9
52 67 5
52 19 9
52 27 3
67 18 9
67 10 9
40 73 3
40 30 5
61 32 7
61 11 6
9 19 6
9 91 7
9 92 3
19 44 2
32 11 3
78 24 3
69 46 1
30 14 4
58 72 9
58 89 2
72 83 7
72 41 4
38 89 8
38 94 7
89 70 3
83 87 7
44 36 9
44 34 7
14 22 7
14 1 7
22 13 6
13 47 5
3 34 4
3 57 1
3 70 9
27 33 7
27 74 4
91 31 3
66 94 9
66 10 9
12 24 5
12 42 6
12 77 7
74 92 5
87 99 7
65 77 2
65 47 1
55 95 7
55 46 4
0 59 7
0 57 2
59 31 9
59 45 7
96 42 7
41 99 5
99 45 2
11 80 4
42 95 5
