7 21 3
7 38 1
7 41 8
21 48 9
21 45 8
17 38 2
17 22 1
17 30 6
38 35 7
18 44 2
18 2 3
18 27 2
44 45 8
44 6 6
5 37 1
5 49 2
5 34 2
37 42 5
37 12 8
2 19 4
2 35 3
46 47 5
46 19 3
46 4 1
47 33 7
47 32 7
3 28 4
3 0 8
3 14 8
28 9 0
28 42 3
11 14 7
11 31 9
11 26 7
14 23 3
12 16 1
12 40 9
16 13 6
16 8 2
0 29 4
0 19 1
9 25 1
9 24 1
25 22 9
25 48 3
1 20 4
1 10 2
1 27 1
20 31 8
20 24 8
40 36 3
40 24 1
42 39 4
45 36 3
31 10 5
49 15 1
49 43 5
26 29 1
26 30 8
29 43 7
27 43 3
6 32 2
6 15 5
32 39 2
4 13 9
4 15 5
13 23 6
8 41 1
8 33 9
41 10 1
35 33 9
48 39 1
23 34 1
36 22 4
30 34 2
