0 8 3
0 1 1
8 16 8
8 9 2
1 9 6
1 2 0
9 17 4
9 10 6
2 10 5
2 3 1
10 18 9
10 11 5
3 11 9
3 4 4
11 19 5
11 12 8
4 12 3
4 5 5
12 20 9
12 13 9
5 13 4
5 6 5
13 21 9
13 14 4
6 14 9
6 7 2
14 22 5
14 15 7
7 15 3
15 23 9
16 24 9
16 17 6
17 25 6
17 18 7
18 26 8
18 19 4
19 27 6
19 20 8
20 28 3
20 21 6
21 29 4
21 22 1
22 30 4
22 23 8
23 31 3
24 32 5
24 25 1
25 33 4
25 26 7
26 34 7
26 27 7
27 35 3
27 28 2
28 36 5
28 29 1
29 37 9
29 30 3
30 38 6
30 31 3
31 39 3
32 40 2
32 33 5
33 41 1
33 34 5
34 42 2
34 35 5
35 43 6
35 36 7
36 44 2
36 37 7
37 45 8
37 38 1
38 46 9
38 39 9
39 47 9
40 48 3
40 41 6
41 49 4
41 42 9
42 50 5
42 43 3
43 51 3
43 44 9
44 52 9
44 45 9
45 53 6
45 46 2
46 54 9
46 47 6
47 55 2
48 56 8
48 49 6
49 57 4
49 50 1
50 58 5
50 51 1
51 59 8
51 52 9
52 60 3
52 53 3
53 61 6
53 54 4
54 62 4
54 55 4
55 63 6
56 57 9
57 58 2
58 59 8
59 60 6
60 61 4
61 62 1
62 63 1
