0 2 7
0 7 7
0 13 1
0 14 9
0 15 6
0 16 3
0 17 2
0 20 2
0 21 1
0 25 5
0 26 8
0 27 5
0 28 3
0 32 6
0 35 4
0 37 1
0 41 4
0 42 5
0 43 7
0 44 6
0 49 1
0 51 9
0 53 8
0 57 3
0 59 2
0 60 9
0 61 5
0 62 3
0 63 1
0 65 9
0 66 6
0 69 7
0 70 2
0 71 8
0 73 1
0 75 6
0 77 9
0 79 3
0 80 6
0 83 5
0 84 5
0 85 3
0 88 8
0 90 2
0 91 2
0 92 5
0 94 4
0 96 4
0 98 4
0 99 5
1 4 8
1 6 1
1 7 5
1 8 2
1 9 3
1 10 7
1 12 9
1 15 1
1 16 3
1 17 8
1 19 5
1 20 7
1 21 3
1 22 3
1 23 8
1 25 7
1 29 6
1 30 1
1 33 5
1 34 2
1 35 6
1 37 8
1 38 1
1 39 3
1 40 6
1 41 4
1 43 8
1 44 4
1 51 9
1 52 8
1 53 9
1 54 9
1 55 1
1 58 1
1 59 2
1 61 6
1 62 4
1 63 2
1 64 1
1 66 3
1 67 1
1 72 5
1 74 8
1 75 3
1 77 1
1 78 7
1 79 9
1 83 1
1 86 6
1 87 2
1 88 4
1 89 5
1 92 2
1 93 8
1 94 4
1 97 5
1 99 5
2 4 3
2 5 7
2 6 2
2 7 4
2 8 8
2 9 3
2 11 2
2 12 1
2 14 4
2 15 5
2 16 2
2 21 3
2 22 7
2 30 0
2 31 3
2 36 4
2 37 8
2 38 5
2 40 3
2 41 3
2 42 3
2 43 5
2 45 8
2 46 4
2 49 2
2 50 2
2 51 5
2 52 3
2 57 8
2 60 4
2 65 3
2 66 1
2 67 5
2 68 7
2 69 6
2 70 3
2 71 3
2 75 7
2 83 6
2 86 7
2 88 1
2 89 1
2 90 2
2 94 4
2 95 8
2 98 3
2 99 5
3 4 8
3 5 8
3 9 6
3 12 4
3 15 3
3 17 1
3 18 3
3 22 7
3 23 8
3 28 9
3 30 7
3 32 7
3 33 8
3 35 3
3 36 4
3 37 6
3 38 7
3 40 5
3 42 1
3 43 2
3 45 9
3 48 8
3 49 4
3 50 3
3 51 8
3 53 5
3 57 2
3 58 1
3 61 8
3 66 6
3 67 5
3 69 3
3 71 4
3 72 7
3 74 4
3 76 8
3 77 5
3 80 7
3 88 9
3 90 3
3 91 3
3 92 6
3 94 5
3 96 5
3 97 9
3 98 7
4 6 5
4 7 1
4 8 9
4 9 8
4 11 2
4 12 3
4 17 6
4 18 9
4 19 8
4 20 6
4 21 6
4 23 1
4 25 7
4 26 8
4 29 5
4 34 8
4 39 3
4 40 8
4 43 7
4 44 9
4 46 3
4 48 6
4 51 5
4 53 6
4 57 8
4 59 1
4 61 2
4 62 4
4 65 2
4 67 9
4 68 4
4 69 4
4 70 7
4 73 8
4 75 8
4 79 3
4 80 6
4 81 8
4 84 5
4 87 9
4 88 7
4 90 5
4 94 4
4 95 7
4 96 3
4 97 9
4 98 8
4 99 6
5 6 4
5 7 6
5 8 4
5 9 7
5 11 7
5 13 3
5 14 6
5 15 2
5 16 1
5 18 6
5 19 8
5 20 2
5 26 1
5 27 5
5 31 1
5 33 3
5 35 7
5 39 9
5 40 5
5 41 4
5 43 8
5 44 4
5 46 3
5 47 9
5 53 1
5 54 2
5 55 5
5 56 2
5 57 6
5 60 1
5 61 1
5 63 5
5 65 6
5 67 2
5 68 6
5 69 6
5 70 5
5 71 5
5 73 9
5 74 9
5 75 4
5 76 4
5 77 1
5 78 2
5 80 3
5 82 1
5 83 1
5 85 7
5 86 9
5 95 8
5 96 7
5 98 3
6 8 9
6 9 8
6 13 1
6 14 4
6 16 5
6 19 9
6 22 9
6 23 5
6 25 4
6 26 7
6 27 7
6 30 5
6 31 7
6 33 4
6 34 4
6 36 7
6 38 2
6 39 6
6 45 9
6 46 2
6 47 9
6 49 1
6 53 1
6 59 7
6 60 7
6 65 3
6 66 1
6 69 5
6 73 5
6 74 3
6 77 3
6 80 3
6 81 1
6 84 7
6 85 5
6 86 5
6 88 8
6 90 9
6 92 2
6 93 9
6 94 4
6 99 7
7 9 4
7 10 7
7 11 3
7 14 4
7 15 4
7 16 7
7 19 5
7 20 2
7 21 8
7 29 9
7 30 4
7 32 1
7 34 5
7 35 9
7 37 8
7 43 2
7 44 3
7 45 1
7 46 8
7 47 5
7 49 7
7 50 4
7 52 4
7 53 1
7 56 4
7 57 5
7 58 9
7 59 8
7 60 9
7 61 3
7 64 7
7 66 2
7 67 3
7 69 3
7 70 6
7 71 1
7 72 6
7 73 9
7 81 4
7 83 5
7 84 2
7 85 6
7 88 6
7 89 7
7 91 6
7 93 4
7 94 4
7 95 9
8 9 1
8 12 3
8 14 2
8 17 1
8 19 9
8 20 2
8 22 6
8 25 1
8 26 3
8 31 7
8 32 8
8 33 1
8 34 7
8 36 1
8 38 3
8 39 3
8 41 8
8 42 9
8 44 2
8 46 3
8 47 3
8 51 4
8 54 5
8 55 6
8 56 2
8 60 3
8 65 7
8 66 1
8 67 7
8 69 2
8 70 5
8 72 5
8 74 3
8 75 5
8 77 2
8 78 4
8 81 9
8 86 6
8 87 8
8 88 1
8 92 9
8 95 1
8 98 9
8 99 7
9 10 6
9 11 2
9 12 1
9 13 3
9 15 3
9 17 9
9 19 7
9 22 2
9 24 6
9 32 3
9 33 8
9 34 2
9 35 1
9 36 4
9 37 9
9 41 7
9 42 3
9 43 5
9 44 5
9 46 3
9 48 5
9 49 5
9 52 7
9 53 6
9 54 2
9 55 5
9 57 7
9 59 1
9 62 8
9 63 3
9 68 9
9 71 3
9 72 5
9 74 8
9 75 6
9 82 8
9 83 1
9 86 9
9 87 2
9 88 3
9 89 8
9 94 2
9 95 2
9 96 5
10 11 6
10 12 2
10 13 9
10 15 2
10 19 2
10 23 2
10 24 7
10 26 7
10 30 7
10 31 1
10 32 2
10 35 6
10 38 6
10 40 5
10 45 2
10 46 1
10 47 8
10 56 8
10 58 1
10 59 9
10 60 4
10 61 7
10 63 9
10 66 1
10 67 2
10 69 6
10 71 7
10 74 2
10 75 2
10 78 1
10 81 4
10 82 9
10 84 4
10 86 9
10 87 4
10 90 7
10 92 9
10 93 2
10 95 4
10 97 5
10 98 9
10 99 3
11 13 6
11 14 9
11 15 4
11 17 9
11 19 8
11 20 5
11 21 5
11 22 1
11 24 1
11 25 6
11 29 2
11 31 7
11 33 1
11 34 3
11 36 9
11 38 8
11 39 2
11 40 5
11 41 7
11 42 4
11 45 6
11 48 2
11 50 6
11 51 9
11 53 6
11 56 7
11 58 6
11 59 5
11 61 8
11 64 7
11 69 2
11 72 7
11 74 6
11 75 8
11 76 3
11 77 5
11 78 9
11 80 1
11 81 4
11 85 9
11 89 3
11 90 5
11 92 1
11 93 4
11 96 9
11 98 8
12 14 4
12 16 2
12 17 3
12 19 1
12 20 2
12 21 8
12 23 3
12 25 3
12 26 2
12 27 6
12 28 6
12 29 4
12 33 2
12 34 5
12 35 1
12 36 5
12 39 1
12 42 3
12 43 6
12 44 8
12 45 3
12 49 3
12 51 9
12 52 4
12 53 7
12 54 4
12 56 1
12 57 1
12 58 9
12 59 8
12 60 4
12 61 7
12 63 4
12 64 8
12 65 6
12 66 5
12 68 6
12 70 2
12 71 9
12 72 9
12 73 3
12 74 2
12 75 2
12 85 3
12 87 5
12 88 1
12 89 7
12 90 2
12 92 2
12 93 1
12 94 6
12 95 3
12 96 1
12 97 5
12 99 5
13 18 9
13 19 5
13 22 9
13 24 1
13 25 6
13 26 2
13 27 3
13 29 5
13 34 3
13 35 2
13 37 6
13 38 9
13 39 2
13 40 2
13 41 1
13 42 3
13 43 9
13 44 5
13 46 7
13 49 4
13 52 4
13 54 1
13 57 1
13 58 5
13 60 1
13 63 7
13 67 7
13 71 2
13 73 4
13 74 1
13 75 3
13 76 1
13 77 5
13 78 2
13 81 6
13 84 5
13 87 4
13 88 8
13 91 6
13 92 6
13 93 8
13 96 9
13 98 7
13 99 1
14 17 6
14 22 7
14 23 3
14 28 8
14 30 2
14 32 6
14 33 4
14 37 7
14 38 7
14 41 9
14 43 1
14 47 2
14 48 7
14 49 6
14 53 9
14 55 7
14 58 7
14 59 2
14 60 3
14 61 4
14 62 4
14 64 2
14 68 9
14 70 8
14 71 4
14 72 8
14 74 9
14 79 2
14 81 1
14 84 8
14 85 8
14 87 3
14 88 9
14 90 1
14 92 9
14 96 1
14 98 4
15 16 7
15 17 5
15 18 6
15 20 7
15 21 4
15 22 3
15 25 1
15 32 3
15 36 8
15 39 6
15 40 8
15 41 1
15 43 3
15 45 6
15 48 8
15 49 3
15 50 4
15 54 4
15 58 7
15 59 1
15 61 1
15 63 4
15 64 6
15 70 9
15 71 2
15 73 6
15 74 7
15 77 9
15 79 2
15 81 8
15 85 2
15 86 4
15 87 9
15 88 5
15 90 8
15 91 9
15 93 5
15 96 3
15 97 2
15 98 3
15 99 5
16 19 3
16 25 1
16 27 2
16 28 8
16 35 6
16 36 5
16 37 6
16 39 2
16 40 2
16 41 1
16 49 7
16 54 7
16 55 4
16 56 8
16 57 1
16 58 2
16 59 3
16 69 2
16 70 5
16 74 2
16 76 6
16 81 3
16 82 9
16 85 1
16 86 9
16 87 5
16 89 3
16 90 9
16 91 8
16 92 2
16 93 4
16 94 7
16 96 9
17 19 2
17 23 6
17 26 3
17 27 2
17 30 2
17 34 2
17 35 2
17 40 4
17 41 8
17 42 3
17 44 7
17 45 8
17 46 7
17 47 3
17 48 5
17 49 9
17 57 7
17 58 4
17 60 2
17 61 2
17 67 7
17 71 8
17 73 4
17 76 3
17 77 8
17 78 6
17 79 8
17 80 4
17 81 9
17 86 4
17 87 5
17 88 9
17 90 4
17 91 4
17 92 4
17 94 2
17 96 1
17 97 3
17 99 4
18 20 3
18 21 5
18 22 7
18 23 4
18 28 3
18 31 1
18 35 7
18 36 6
18 41 8
18 42 8
18 47 2
18 49 4
18 50 1
18 53 1
18 56 8
18 57 9
18 58 1
18 61 7
18 62 9
18 63 5
18 64 8
18 68 9
18 72 1
18 74 7
18 75 8
18 76 7
18 79 9
18 80 9
18 84 5
18 87 6
18 89 3
18 90 8
18 91 8
18 92 6
18 93 3
18 94 3
18 96 1
18 97 6
18 98 9
18 99 4
19 21 9
19 22 5
19 25 8
19 28 4
19 29 7
19 31 8
19 33 5
19 38 6
19 40 2
19 41 9
19 42 6
19 46 8
19 47 2
19 48 4
19 49 3
19 51 4
19 53 8
19 54 2
19 57 6
19 61 7
19 63 3
19 64 5
19 66 3
19 67 3
19 68 7
19 69 4
19 70 6
19 72 4
19 73 3
19 74 6
19 76 4
19 78 9
19 79 9
19 80 2
19 81 7
19 84 7
19 88 2
19 91 2
19 94 5
19 95 9
20 21 6
20 25 4
20 26 9
20 27 8
20 28 7
20 29 4
20 32 8
20 33 7
20 34 5
20 38 6
20 39 1
20 41 2
20 44 7
20 45 7
20 46 9
20 49 9
20 57 5
20 58 7
20 59 3
20 62 9
20 63 2
20 64 2
20 65 7
20 66 4
20 68 8
20 71 1
20 73 4
20 76 6
20 77 2
20 78 6
20 80 8
20 81 4
20 82 5
20 84 5
20 87 9
20 90 8
20 92 6
20 93 1
20 96 9
20 97 8
20 99 9
21 25 3
21 26 8
21 27 6
21 33 2
21 34 1
21 35 9
21 36 9
21 39 9
21 40 9
21 42 1
21 44 4
21 45 9
21 47 8
21 49 7
21 52 7
21 53 4
21 55 8
21 63 3
21 64 2
21 65 7
21 66 1
21 67 6
21 69 7
21 72 8
21 74 4
21 75 5
21 79 8
21 82 2
21 83 8
21 84 3
21 90 7
21 91 9
21 92 2
21 94 3
21 95 2
21 96 2
21 99 2
22 23 5
22 25 1
22 26 1
22 27 6
22 28 3
22 29 5
22 30 7
22 31 2
22 33 7
22 34 2
22 37 3
22 38 2
22 39 4
22 40 3
22 41 8
22 43 1
22 47 4
22 53 9
22 54 4
22 56 6
22 58 4
22 59 7
22 60 3
22 61 6
22 62 7
22 63 9
22 66 4
22 67 2
22 68 8
22 70 4
22 72 2
22 75 8
22 77 9
22 78 9
22 82 8
22 83 1
22 86 2
22 87 3
22 90 2
22 92 2
22 93 9
22 94 6
22 95 9
22 96 8
23 24 9
23 26 1
23 27 6
23 29 2
23 32 2
23 34 1
23 37 6
23 38 1
23 39 5
23 42 3
23 43 9
23 47 1
23 49 3
23 52 3
23 53 7
23 56 5
23 60 1
23 61 5
23 64 6
23 67 9
23 68 6
23 69 4
23 72 2
23 76 7
23 77 9
23 82 9
23 84 7
23 86 5
23 87 7
23 88 2
23 90 4
23 92 9
23 95 9
23 96 5
23 99 4
24 25 3
24 26 1
24 27 5
24 28 6
24 32 7
24 34 7
24 36 3
24 37 8
24 39 5
24 40 2
24 41 7
24 43 3
24 44 7
24 48 3
24 53 1
24 57 1
24 59 3
24 61 5
24 63 9
24 64 1
24 67 8
24 78 3
24 80 5
24 83 2
24 84 3
24 86 6
24 88 6
24 91 6
24 92 8
24 97 4
25 26 8
25 27 3
25 28 1
25 30 3
25 33 9
25 35 8
25 36 5
25 37 4
25 43 6
25 45 2
25 46 1
25 47 3
25 48 4
25 49 9
25 50 7
25 52 1
25 53 8
25 54 4
25 58 1
25 59 8
25 60 6
25 61 9
25 65 7
25 66 4
25 67 8
25 68 2
25 69 4
25 70 5
25 73 9
25 80 5
25 81 8
25 86 6
25 90 4
25 91 3
25 93 7
25 94 4
25 95 9
25 98 5
25 99 7
26 29 6
26 31 8
26 32 7
26 33 5
26 34 6
26 35 5
26 39 1
26 41 2
26 42 2
26 43 9
26 44 9
26 51 9
26 53 2
26 55 6
26 59 4
26 60 2
26 61 2
26 62 8
26 63 5
26 64 3
26 65 3
26 67 6
26 70 8
26 71 6
26 74 3
26 79 4
26 84 3
26 85 1
26 88 6
26 89 6
26 92 7
26 96 9
27 28 5
27 32 2
27 34 7
27 37 7
27 38 8
27 41 2
27 43 7
27 44 4
27 48 8
27 49 6
27 52 2
27 56 7
27 58 5
27 60 1
27 62 7
27 63 3
27 65 2
27 66 2
27 74 2
27 75 6
27 76 4
27 78 5
27 79 1
27 80 8
27 81 1
27 82 7
27 83 8
27 87 6
27 88 9
27 91 8
27 92 1
27 94 2
27 98 9
28 30 3
28 31 1
28 33 3
28 34 9
28 35 4
28 38 6
28 44 7
28 46 5
28 48 1
28 49 5
28 56 6
28 58 4
28 62 3
28 64 4
28 67 1
28 69 7
28 71 9
28 72 4
28 73 8
28 74 7
28 78 8
28 80 7
28 81 8
28 84 8
28 85 4
28 94 3
28 96 3
28 97 2
29 30 9
29 31 7
29 35 1
29 36 7
29 38 6
29 39 4
29 41 4
29 42 1
29 43 9
29 45 3
29 46 9
29 48 1
29 52 7
29 53 5
29 54 3
29 60 4
29 62 8
29 63 4
29 65 7
29 66 4
29 68 7
29 70 2
29 71 8
29 79 9
29 80 2
29 84 3
29 85 6
29 88 3
29 93 9
29 95 7
29 98 4
30 31 2
30 32 2
30 35 5
30 37 7
30 38 5
30 39 7
30 40 1
30 48 2
30 49 6
30 50 1
30 51 8
30 53 8
30 57 7
30 58 1
30 59 2
30 60 7
30 64 5
30 65 2
30 66 7
30 75 9
30 77 8
30 79 5
30 80 2
30 82 3
30 83 2
30 85 9
30 87 5
30 90 7
30 91 5
30 93 5
30 94 7
30 95 6
30 96 3
30 97 9
30 98 7
30 99 5
31 32 4
31 34 6
31 36 8
31 37 1
31 38 7
31 40 3
31 42 6
31 44 9
31 46 2
31 47 2
31 48 8
31 54 4
31 55 6
31 58 2
31 59 2
31 61 8
31 62 5
31 64 7
31 65 8
31 66 4
31 69 5
31 70 1
31 72 1
31 75 9
31 76 6
31 77 9
31 78 9
31 79 3
31 80 3
31 82 2
31 83 2
31 84 4
31 85 6
31 87 5
31 89 1
31 92 3
31 94 5
31 95 6
31 99 4
32 34 3
32 36 5
32 37 6
32 38 7
32 39 2
32 40 7
32 41 6
32 43 6
32 44 8
32 45 4
32 46 1
32 47 4
32 53 8
32 54 3
32 56 6
32 57 4
32 59 2
32 61 9
32 62 8
32 63 9
32 64 9
32 66 1
32 68 4
32 71 4
32 72 3
32 75 5
32 77 1
32 79 1
32 83 7
32 84 2
32 85 2
32 87 9
32 89 1
32 92 3
32 94 5
32 95 2
33 34 3
33 36 3
33 37 3
33 38 2
33 41 3
33 43 7
33 44 9
33 48 2
33 51 6
33 53 3
33 60 9
33 62 9
33 68 8
33 71 2
33 73 2
33 75 4
33 78 9
33 80 1
33 81 3
33 82 8
33 83 1
33 84 3
33 86 8
33 92 2
33 93 6
33 94 6
33 96 4
33 97 7
33 99 9
34 39 1
34 42 7
34 48 9
34 49 7
34 53 6
34 56 5
34 58 2
34 59 4
34 60 2
34 61 5
34 65 2
34 66 8
34 67 7
34 68 5
34 72 1
34 74 2
34 75 3
34 78 8
34 79 4
34 81 9
34 82 4
34 84 9
34 85 8
34 87 8
34 88 5
34 90 2
34 91 2
34 93 8
34 96 2
34 97 1
34 98 6
35 37 6
35 39 1
35 41 4
35 43 5
35 45 6
35 46 2
35 48 9
35 51 3
35 53 9
35 55 3
35 57 3
35 58 6
35 59 2
35 61 9
35 62 7
35 66 6
35 68 8
35 72 1
35 74 3
35 75 2
35 76 2
35 79 7
35 80 8
35 82 8
35 83 3
35 84 6
35 85 3
35 86 7
35 90 8
35 94 4
35 95 7
35 96 5
35 97 3
35 98 3
36 37 8
36 38 6
36 41 1
36 44 1
36 48 5
36 49 9
36 54 7
36 55 6
36 57 2
36 58 5
36 62 8
36 63 8
36 64 3
36 65 7
36 66 4
36 67 2
36 68 5
36 70 9
36 71 7
36 72 7
36 73 6
36 75 5
36 76 1
36 77 1
36 79 2
36 82 5
36 85 1
36 87 3
36 88 2
36 89 8
36 90 4
36 91 3
36 95 5
36 98 1
36 99 4
37 39 2
37 43 2
37 44 2
37 45 5
37 46 4
37 47 7
37 49 3
37 50 4
37 51 4
37 52 9
37 55 8
37 57 4
37 61 9
37 65 4
37 66 9
37 69 2
37 70 2
37 75 1
37 79 1
37 81 1
37 82 7
37 84 4
37 85 3
37 89 6
37 90 4
37 91 4
37 92 1
37 93 9
37 94 6
37 95 1
37 98 5
38 39 3
38 40 8
38 44 1
38 47 8
38 49 6
38 52 3
38 53 5
38 54 9
38 55 9
38 56 8
38 57 5
38 59 8
38 60 6
38 61 3
38 63 6
38 64 1
38 66 2
38 68 2
38 70 5
38 71 1
38 73 5
38 74 2
38 75 2
38 77 5
38 78 6
38 79 3
38 80 1
38 81 2
38 82 9
38 87 6
38 90 7
38 95 8
38 96 2
38 98 6
38 99 8
39 41 2
39 44 3
39 45 5
39 46 1
39 48 5
39 50 3
39 52 7
39 53 3
39 56 3
39 61 3
39 63 5
39 64 9
39 68 8
39 70 6
39 78 9
39 79 3
39 81 9
39 82 3
39 83 2
39 84 1
39 85 2
39 92 7
39 97 6
40 41 6
40 42 7
40 43 8
40 45 4
40 47 2
40 50 2
40 51 5
40 52 1
40 54 3
40 56 4
40 58 6
40 62 8
40 63 7
40 68 3
40 70 3
40 71 6
40 72 2
40 73 6
40 74 5
40 77 4
40 78 7
40 79 6
40 85 9
40 86 7
40 88 7
40 90 4
40 92 3
40 94 4
40 95 8
40 99 2
41 42 9
41 43 2
41 44 3
41 48 7
41 49 4
41 50 3
41 51 8
41 52 7
41 53 6
41 62 2
41 64 7
41 67 7
41 68 2
41 69 5
41 72 5
41 74 1
41 75 5
41 77 5
41 79 1
41 80 7
41 83 7
41 86 3
41 87 6
41 90 1
41 91 9
41 99 3
42 46 7
42 48 2
42 49 7
42 51 5
42 52 5
42 54 8
42 55 8
42 58 3
42 59 5
42 60 3
42 62 3
42 63 2
42 65 2
42 67 1
42 68 9
42 73 7
42 76 2
42 80 4
42 81 8
42 83 1
42 85 2
42 87 3
42 90 8
42 91 1
42 93 8
42 96 8
42 99 5
43 47 1
43 49 5
43 50 2
43 51 2
43 55 4
43 58 4
43 61 3
43 62 7
43 64 5
43 66 5
43 67 8
43 71 6
43 72 5
43 76 6
43 78 1
43 80 7
43 82 6
43 83 7
43 87 9
43 90 4
43 92 4
43 98 4
43 99 6
44 46 8
44 48 3
44 52 9
44 53 8
44 56 5
44 57 8
44 59 9
44 60 2
44 61 2
44 62 4
44 64 6
44 65 7
44 67 2
44 68 2
44 70 6
44 72 2
44 74 6
44 75 7
44 81 5
44 84 6
44 86 5
44 87 1
44 88 4
44 89 3
44 90 4
44 92 1
44 94 5
44 95 7
44 97 9
44 98 2
44 99 1
45 46 9
45 48 6
45 50 1
45 51 5
45 54 1
45 56 1
45 57 7
45 60 6
45 62 1
45 67 1
45 71 9
45 72 5
45 73 1
45 75 8
45 79 9
45 83 9
45 84 5
45 86 9
45 87 2
45 89 7
45 90 8
45 91 8
45 94 1
45 96 8
45 97 8
45 98 8
45 99 1
46 47 5
46 52 4
46 53 3
46 55 7
46 57 4
46 58 6
46 61 9
46 62 2
46 65 4
46 66 7
46 67 3
46 68 8
46 69 6
46 71 7
46 77 2
46 81 6
46 82 9
46 90 2
46 91 5
46 93 8
46 96 1
46 97 2
46 99 6
47 48 9
47 52 8
47 53 8
47 54 4
47 58 6
47 59 9
47 60 5
47 61 8
47 62 2
47 63 6
47 65 3
47 69 7
47 70 3
47 71 1
47 72 5
47 75 3
47 76 4
47 77 4
47 78 4
47 83 7
47 85 5
47 86 9
47 87 6
47 88 5
47 89 9
47 91 3
47 92 1
47 94 6
47 98 4
47 99 9
48 49 2
48 52 2
48 54 6
48 55 8
48 56 8
48 58 1
48 59 1
48 60 4
48 61 2
48 62 7
48 65 3
48 67 6
48 68 9
48 71 5
48 75 8
48 76 6
48 77 8
48 82 1
48 85 1
48 86 6
48 88 2
48 91 5
48 95 1
48 96 7
48 97 5
48 99 4
49 51 5
49 55 3
49 56 3
49 58 8
49 60 6
49 61 1
49 63 2
49 67 8
49 68 4
49 69 6
49 70 6
49 71 1
49 77 6
49 78 8
49 81 6
49 82 9
49 89 2
49 92 1
49 94 1
49 98 5
49 99 8
50 51 5
50 53 1
50 55 5
50 56 2
50 57 5
50 58 5
50 59 7
50 61 8
50 63 7
50 68 9
50 69 3
50 72 4
50 73 5
50 75 2
50 78 3
50 82 8
50 85 8
50 87 3
50 90 2
50 91 1
50 94 7
50 96 5
50 98 5
51 52 8
51 54 6
51 55 4
51 56 3
51 57 4
51 62 2
51 63 6
51 64 2
51 65 7
51 66 4
51 67 2
51 69 9
51 70 5
51 73 9
51 74 4
51 75 4
51 77 3
51 79 1
51 81 1
51 83 6
51 84 2
51 87 8
51 88 7
51 89 5
51 90 2
51 92 6
51 93 5
51 97 1
51 98 6
51 99 9
52 53 1
52 55 3
52 56 3
52 61 7
52 63 6
52 64 9
52 65 2
52 68 7
52 70 9
52 73 2
52 74 4
52 76 2
52 79 9
52 80 2
52 82 7
52 83 4
52 85 4
52 91 4
52 92 4
52 93 6
52 94 5
52 96 1
52 97 3
52 98 5
52 99 5
53 55 4
53 56 1
53 57 9
53 59 8
53 60 3
53 62 7
53 63 8
53 65 1
53 67 4
53 69 4
53 72 5
53 73 7
53 74 1
53 76 5
53 79 7
53 81 1
53 83 9
53 85 3
53 87 9
53 88 3
53 89 8
53 90 7
53 91 2
53 92 6
53 97 5
53 99 9
54 57 1
54 58 3
54 59 4
54 61 4
54 62 8
54 64 6
54 65 5
54 68 5
54 70 5
54 71 7
54 74 4
54 75 6
54 77 3
54 78 1
54 79 8
54 80 4
54 81 4
54 82 9
54 84 6
54 85 5
54 87 3
54 88 7
54 90 3
54 92 3
54 93 6
54 95 9
54 96 7
55 58 2
55 59 3
55 60 4
55 63 9
55 66 5
55 68 1
55 69 6
55 70 5
55 71 7
55 74 6
55 76 3
55 79 9
55 80 8
55 85 1
55 86 2
55 87 7
55 88 2
55 90 4
55 91 8
55 92 3
56 57 3
56 61 7
56 62 7
56 63 4
56 64 3
56 66 1
56 67 7
56 68 2
56 71 7
56 75 7
56 76 5
56 81 9
56 83 3
56 85 9
56 87 9
56 89 3
56 91 6
56 93 7
56 96 1
56 97 9
56 98 4
57 58 7
57 59 3
57 60 9
57 62 9
57 63 4
57 65 8
57 67 6
57 68 5
57 69 9
57 71 4
57 74 2
57 76 6
57 77 6
57 79 8
57 80 9
57 81 8
57 83 5
57 84 1
57 85 7
57 86 8
57 89 2
57 90 7
57 91 6
57 92 1
57 93 7
57 96 7
57 97 6
57 98 7
57 99 9
58 59 3
58 60 6
58 61 3
58 65 5
58 66 7
58 67 3
58 70 2
58 74 7
58 75 6
58 76 6
58 77 2
58 80 5
58 81 8
58 84 9
58 87 3
58 95 7
58 96 5
58 98 8
59 60 6
59 61 3
59 62 7
59 63 7
59 64 2
59 67 7
59 68 9
59 69 1
59 72 1
59 74 6
59 75 2
59 78 8
59 81 3
59 82 7
59 83 3
59 84 5
59 87 8
59 88 9
59 89 6
59 91 4
59 92 2
59 93 5
59 94 9
59 95 1
59 96 2
59 99 3
60 61 1
60 63 7
60 64 7
60 65 5
60 66 7
60 67 5
60 70 6
60 71 7
60 73 6
60 77 6
60 78 1
60 81 2
60 83 2
60 89 6
60 90 8
60 92 2
60 93 5
60 97 7
60 98 8
60 99 5
61 62 1
61 64 7
61 65 3
61 66 2
61 67 5
61 68 5
61 69 8
61 74 7
61 76 3
61 77 5
61 78 2
61 79 6
61 85 2
61 87 3
61 88 4
61 90 2
61 91 6
61 92 9
61 93 8
61 95 3
61 98 7
61 99 5
62 64 8
62 65 9
62 67 2
62 68 3
62 71 7
62 72 8
62 74 7
62 75 1
62 77 4
62 78 2
62 81 6
62 82 5
62 83 2
62 84 5
62 87 4
62 91 5
62 92 4
62 94 4
62 97 6
62 99 6
63 71 3
63 72 6
63 74 9
63 75 1
63 79 1
63 80 8
63 81 8
63 82 1
63 83 8
63 88 9
63 91 1
63 92 2
63 93 2
63 95 8
63 98 4
64 65 4
64 68 4
64 69 8
64 70 3
64 71 9
64 73 8
64 75 3
64 76 8
64 77 2
64 79 6
64 80 6
64 82 5
64 84 6
64 85 1
64 86 8
64 87 9
64 88 9
64 90 4
64 92 7
64 93 9
64 95 6
65 67 8
65 69 5
65 71 8
65 73 8
65 75 4
65 76 2
65 77 5
65 80 9
65 81 2
65 82 1
65 83 7
65 84 9
65 86 1
65 87 6
65 88 9
65 90 4
65 91 1
65 93 9
65 94 5
65 95 9
65 97 7
65 98 9
65 99 1
66 67 5
66 69 7
66 70 2
66 71 6
66 72 9
66 75 9
66 77 5
66 78 2
66 79 9
66 81 7
66 84 2
66 86 3
66 88 1
66 91 5
66 93 1
66 95 9
66 98 7
67 70 1
67 71 6
67 72 3
67 75 1
67 83 5
67 84 3
67 85 1
67 86 4
67 87 7
67 90 9
67 92 1
67 93 5
67 94 2
67 95 3
67 97 2
67 99 6
68 71 5
68 75 1
68 76 9
68 77 3
68 79 4
68 80 5
68 83 5
68 90 1
68 91 3
68 92 3
68 93 2
68 94 7
68 96 7
68 98 3
69 72 3
69 74 2
69 77 2
69 79 7
69 82 4
69 83 5
69 85 8
69 86 9
69 93 5
69 95 1
69 97 9
70 72 6
70 73 9
70 75 5
70 76 9
70 80 9
70 82 4
70 85 1
70 87 2
70 89 5
70 90 3
70 91 9
70 92 1
70 93 5
70 94 4
70 95 1
70 96 9
70 97 7
71 72 6
71 73 4
71 75 7
71 76 1
71 77 6
71 78 7
71 79 6
71 80 8
71 82 3
71 83 8
71 84 2
71 85 9
71 91 4
71 92 9
71 93 8
71 94 7
71 95 6
71 98 5
72 74 5
72 75 8
72 76 6
72 77 9
72 80 2
72 85 5
72 88 1
72 92 9
72 93 8
72 95 5
72 97 8
72 98 5
72 99 6
73 77 1
73 82 7
73 86 1
73 87 5
73 90 7
73 92 7
73 94 4
73 95 8
74 76 6
74 77 2
74 78 6
74 79 1
74 80 4
74 84 8
74 86 4
74 90 8
74 91 3
74 92 4
74 93 6
74 94 4
74 96 1
74 98 5
75 76 4
75 79 4
75 80 4
75 82 2
75 85 8
75 88 2
75 91 6
75 92 9
75 94 3
75 96 1
75 98 3
76 77 7
76 78 3
76 80 5
76 81 8
76 84 2
76 85 7
76 87 4
76 89 3
76 97 1
76 98 2
76 99 4
77 78 7
77 80 9
77 81 3
77 85 1
77 87 1
77 88 7
77 89 2
77 90 8
77 92 6
77 95 3
77 96 3
78 79 4
78 81 5
78 85 1
78 86 4
78 87 1
78 89 7
78 90 2
78 94 8
78 96 6
78 98 8
78 99 1
79 80 2
79 81 4
79 82 4
79 86 1
79 87 9
79 97 3
79 99 7
80 83 2
80 84 8
80 85 2
80 87 4
80 90 1
80 91 6
80 92 9
80 93 5
80 95 1
80 97 6
80 98 7
81 83 9
81 84 1
81 86 7
81 88 9
81 91 6
81 93 3
81 94 5
81 96 1
81 99 2
82 83 9
82 85 3
82 87 7
82 96 7
82 97 6
82 98 6
82 99 1
83 84 5
83 85 3
83 86 3
83 87 4
83 88 8
83 89 3
83 90 6
83 92 2
83 93 6
83 96 5
83 97 6
83 98 9
84 86 7
84 87 9
84 88 6
84 90 9
84 92 5
84 94 2
84 96 4
84 98 3
85 86 7
85 88 8
85 89 2
85 90 7
85 92 9
85 94 2
85 95 1
85 96 4
85 97 5
85 98 4
85 99 1
86 92 6
86 95 7
86 96 8
86 97 8
86 98 9
86 99 8
87 88 7
87 89 6
87 90 7
87 92 1
87 95 4
87 96 8
87 97 9
87 99 6
88 89 7
88 92 5
88 93 8
88 94 3
88 95 7
88 96 5
88 97 5
88 98 2
89 91 1
89 93 2
89 94 7
89 96 6
89 97 4
89 98 3
90 92 4
90 95 4
90 96 3
90 97 2
90 99 7
91 93 2
91 95 2
91 98 2
92 93 3
92 95 8
92 96 5
92 97 3
92 99 9
93 96 5
93 97 1
94 97 3
94 98 2
95 98 1
95 99 7
96 97 5
96 98 6
98 99 4
